"location","horizon","reference_date","target_end_date","target","output_type_id","value","output_type"
"ab",0,2025-04-26,2025-04-26,"pct wk covid lab det","0.025",0,"quantile"
"ab",0,2025-04-26,2025-04-26,"pct wk covid lab det","0.1",0.0430000000000004,"quantile"
"ab",0,2025-04-26,2025-04-26,"pct wk covid lab det","0.25",0.9125,"quantile"
"ab",0,2025-04-26,2025-04-26,"pct wk covid lab det","0.5",1.56,"quantile"
"ab",0,2025-04-26,2025-04-26,"pct wk covid lab det","0.75",2.2075,"quantile"
"ab",0,2025-04-26,2025-04-26,"pct wk covid lab det","0.9",3.077,"quantile"
"ab",0,2025-04-26,2025-04-26,"pct wk covid lab det","0.975",3.6705,"quantile"
"ab",1,2025-04-26,2025-05-03,"pct wk covid lab det","0.025",0,"quantile"
"ab",1,2025-04-26,2025-05-03,"pct wk covid lab det","0.1",0,"quantile"
"ab",1,2025-04-26,2025-05-03,"pct wk covid lab det","0.25",0.548030480304802,"quantile"
"ab",1,2025-04-26,2025-05-03,"pct wk covid lab det","0.5",1.56,"quantile"
"ab",1,2025-04-26,2025-05-03,"pct wk covid lab det","0.75",2.57975999759998,"quantile"
"ab",1,2025-04-26,2025-05-03,"pct wk covid lab det","0.9",3.51948822488225,"quantile"
"ab",1,2025-04-26,2025-05-03,"pct wk covid lab det","0.975",4.51511842618426,"quantile"
"ab",2,2025-04-26,2025-05-10,"pct wk covid lab det","0.025",0,"quantile"
"ab",2,2025-04-26,2025-05-10,"pct wk covid lab det","0.1",0,"quantile"
"ab",2,2025-04-26,2025-05-10,"pct wk covid lab det","0.25",0.322032970329703,"quantile"
"ab",2,2025-04-26,2025-05-10,"pct wk covid lab det","0.5",1.56,"quantile"
"ab",2,2025-04-26,2025-05-10,"pct wk covid lab det","0.75",2.81509262592626,"quantile"
"ab",2,2025-04-26,2025-05-10,"pct wk covid lab det","0.9",3.94726922269223,"quantile"
"ab",2,2025-04-26,2025-05-10,"pct wk covid lab det","0.975",5.19417715177151,"quantile"
"ab",3,2025-04-26,2025-05-17,"pct wk covid lab det","0.025",0,"quantile"
"ab",3,2025-04-26,2025-05-17,"pct wk covid lab det","0.1",0,"quantile"
"ab",3,2025-04-26,2025-05-17,"pct wk covid lab det","0.25",0.118173806738067,"quantile"
"ab",3,2025-04-26,2025-05-17,"pct wk covid lab det","0.5",1.56,"quantile"
"ab",3,2025-04-26,2025-05-17,"pct wk covid lab det","0.75",3.01131866318663,"quantile"
"ab",3,2025-04-26,2025-05-17,"pct wk covid lab det","0.9",4.32204809048091,"quantile"
"ab",3,2025-04-26,2025-05-17,"pct wk covid lab det","0.975",5.77315219902199,"quantile"
"atlantic",0,2025-04-26,2025-04-26,"pct wk covid lab det","0.025",0,"quantile"
"atlantic",0,2025-04-26,2025-04-26,"pct wk covid lab det","0.1",1.428,"quantile"
"atlantic",0,2025-04-26,2025-04-26,"pct wk covid lab det","0.25",2.385,"quantile"
"atlantic",0,2025-04-26,2025-04-26,"pct wk covid lab det","0.5",3.39,"quantile"
"atlantic",0,2025-04-26,2025-04-26,"pct wk covid lab det","0.75",4.395,"quantile"
"atlantic",0,2025-04-26,2025-04-26,"pct wk covid lab det","0.9",5.352,"quantile"
"atlantic",0,2025-04-26,2025-04-26,"pct wk covid lab det","0.975",7.0465,"quantile"
"atlantic",1,2025-04-26,2025-05-03,"pct wk covid lab det","0.025",0,"quantile"
"atlantic",1,2025-04-26,2025-05-03,"pct wk covid lab det","0.1",0.501113641136411,"quantile"
"atlantic",1,2025-04-26,2025-05-03,"pct wk covid lab det","0.25",1.94820200702007,"quantile"
"atlantic",1,2025-04-26,2025-05-03,"pct wk covid lab det","0.5",3.39,"quantile"
"atlantic",1,2025-04-26,2025-05-03,"pct wk covid lab det","0.75",4.83783547835478,"quantile"
"atlantic",1,2025-04-26,2025-05-03,"pct wk covid lab det","0.9",6.34564821648217,"quantile"
"atlantic",1,2025-04-26,2025-05-03,"pct wk covid lab det","0.975",8.42023619236192,"quantile"
"atlantic",2,2025-04-26,2025-05-10,"pct wk covid lab det","0.025",0,"quantile"
"atlantic",2,2025-04-26,2025-05-10,"pct wk covid lab det","0.1",0,"quantile"
"atlantic",2,2025-04-26,2025-05-10,"pct wk covid lab det","0.25",1.53233192331923,"quantile"
"atlantic",2,2025-04-26,2025-05-10,"pct wk covid lab det","0.5",3.39,"quantile"
"atlantic",2,2025-04-26,2025-05-10,"pct wk covid lab det","0.75",5.23656174061741,"quantile"
"atlantic",2,2025-04-26,2025-05-10,"pct wk covid lab det","0.9",7.09116326163263,"quantile"
"atlantic",2,2025-04-26,2025-05-10,"pct wk covid lab det","0.975",9.46511880118801,"quantile"
"atlantic",3,2025-04-26,2025-05-17,"pct wk covid lab det","0.025",0,"quantile"
"atlantic",3,2025-04-26,2025-05-17,"pct wk covid lab det","0.1",0,"quantile"
"atlantic",3,2025-04-26,2025-05-17,"pct wk covid lab det","0.25",1.21280757807578,"quantile"
"atlantic",3,2025-04-26,2025-05-17,"pct wk covid lab det","0.5",3.39,"quantile"
"atlantic",3,2025-04-26,2025-05-17,"pct wk covid lab det","0.75",5.57370601206012,"quantile"
"atlantic",3,2025-04-26,2025-05-17,"pct wk covid lab det","0.9",7.70215369153691,"quantile"
"atlantic",3,2025-04-26,2025-05-17,"pct wk covid lab det","0.975",10.2998276107761,"quantile"
"bc",0,2025-04-26,2025-04-26,"pct wk covid lab det","0.025",0,"quantile"
"bc",0,2025-04-26,2025-04-26,"pct wk covid lab det","0.1",0.55,"quantile"
"bc",0,2025-04-26,2025-04-26,"pct wk covid lab det","0.25",1.3875,"quantile"
"bc",0,2025-04-26,2025-04-26,"pct wk covid lab det","0.5",2.38,"quantile"
"bc",0,2025-04-26,2025-04-26,"pct wk covid lab det","0.75",3.3725,"quantile"
"bc",0,2025-04-26,2025-04-26,"pct wk covid lab det","0.9",4.21,"quantile"
"bc",0,2025-04-26,2025-04-26,"pct wk covid lab det","0.975",5.3055,"quantile"
"bc",1,2025-04-26,2025-05-03,"pct wk covid lab det","0.025",0,"quantile"
"bc",1,2025-04-26,2025-05-03,"pct wk covid lab det","0.1",0,"quantile"
"bc",1,2025-04-26,2025-05-03,"pct wk covid lab det","0.25",0.994467194671948,"quantile"
"bc",1,2025-04-26,2025-05-03,"pct wk covid lab det","0.5",2.38,"quantile"
"bc",1,2025-04-26,2025-05-03,"pct wk covid lab det","0.75",3.7969822698227,"quantile"
"bc",1,2025-04-26,2025-05-03,"pct wk covid lab det","0.9",5.0850129301293,"quantile"
"bc",1,2025-04-26,2025-05-03,"pct wk covid lab det","0.975",6.58887346623467,"quantile"
"bc",2,2025-04-26,2025-05-10,"pct wk covid lab det","0.025",0,"quantile"
"bc",2,2025-04-26,2025-05-10,"pct wk covid lab det","0.1",0,"quantile"
"bc",2,2025-04-26,2025-05-10,"pct wk covid lab det","0.25",0.67377943779438,"quantile"
"bc",2,2025-04-26,2025-05-10,"pct wk covid lab det","0.5",2.38,"quantile"
"bc",2,2025-04-26,2025-05-10,"pct wk covid lab det","0.75",4.09462027120271,"quantile"
"bc",2,2025-04-26,2025-05-10,"pct wk covid lab det","0.9",5.69072813728137,"quantile"
"bc",2,2025-04-26,2025-05-10,"pct wk covid lab det","0.975",7.52312822878229,"quantile"
"bc",3,2025-04-26,2025-05-17,"pct wk covid lab det","0.025",0,"quantile"
"bc",3,2025-04-26,2025-05-17,"pct wk covid lab det","0.1",0,"quantile"
"bc",3,2025-04-26,2025-05-17,"pct wk covid lab det","0.25",0.399116716167162,"quantile"
"bc",3,2025-04-26,2025-05-17,"pct wk covid lab det","0.5",2.38,"quantile"
"bc",3,2025-04-26,2025-05-17,"pct wk covid lab det","0.75",4.37768907689077,"quantile"
"bc",3,2025-04-26,2025-05-17,"pct wk covid lab det","0.9",6.23009639096391,"quantile"
"bc",3,2025-04-26,2025-05-17,"pct wk covid lab det","0.975",8.32239951399517,"quantile"
"ca",0,2025-04-26,2025-04-26,"pct wk covid lab det","0.025",0.53,"quantile"
"ca",0,2025-04-26,2025-04-26,"pct wk covid lab det","0.1",1.196,"quantile"
"ca",0,2025-04-26,2025-04-26,"pct wk covid lab det","0.25",1.64,"quantile"
"ca",0,2025-04-26,2025-04-26,"pct wk covid lab det","0.5",2.21,"quantile"
"ca",0,2025-04-26,2025-04-26,"pct wk covid lab det","0.75",2.78,"quantile"
"ca",0,2025-04-26,2025-04-26,"pct wk covid lab det","0.9",3.224,"quantile"
"ca",0,2025-04-26,2025-04-26,"pct wk covid lab det","0.975",3.89,"quantile"
"ca",1,2025-04-26,2025-05-03,"pct wk covid lab det","0.025",0,"quantile"
"ca",1,2025-04-26,2025-05-03,"pct wk covid lab det","0.1",0.667120391203913,"quantile"
"ca",1,2025-04-26,2025-05-03,"pct wk covid lab det","0.25",1.38656451564516,"quantile"
"ca",1,2025-04-26,2025-05-03,"pct wk covid lab det","0.5",2.21,"quantile"
"ca",1,2025-04-26,2025-05-03,"pct wk covid lab det","0.75",3.03061545615456,"quantile"
"ca",1,2025-04-26,2025-05-03,"pct wk covid lab det","0.9",3.76228911289113,"quantile"
"ca",1,2025-04-26,2025-05-03,"pct wk covid lab det","0.975",4.58580574055741,"quantile"
"ca",2,2025-04-26,2025-05-10,"pct wk covid lab det","0.025",0,"quantile"
"ca",2,2025-04-26,2025-05-10,"pct wk covid lab det","0.1",0.295340773407733,"quantile"
"ca",2,2025-04-26,2025-05-10,"pct wk covid lab det","0.25",1.20079418294183,"quantile"
"ca",2,2025-04-26,2025-05-10,"pct wk covid lab det","0.5",2.21,"quantile"
"ca",2,2025-04-26,2025-05-10,"pct wk covid lab det","0.75",3.20483417334173,"quantile"
"ca",2,2025-04-26,2025-05-10,"pct wk covid lab det","0.9",4.11274820748208,"quantile"
"ca",2,2025-04-26,2025-05-10,"pct wk covid lab det","0.975",5.11640742657426,"quantile"
"ca",3,2025-04-26,2025-05-17,"pct wk covid lab det","0.025",0,"quantile"
"ca",3,2025-04-26,2025-05-17,"pct wk covid lab det","0.1",0.00752569525695675,"quantile"
"ca",3,2025-04-26,2025-05-17,"pct wk covid lab det","0.25",1.04925374253743,"quantile"
"ca",3,2025-04-26,2025-05-17,"pct wk covid lab det","0.5",2.21,"quantile"
"ca",3,2025-04-26,2025-05-17,"pct wk covid lab det","0.75",3.36840780907809,"quantile"
"ca",3,2025-04-26,2025-05-17,"pct wk covid lab det","0.9",4.41228581285813,"quantile"
"ca",3,2025-04-26,2025-05-17,"pct wk covid lab det","0.975",5.57704085290853,"quantile"
"mb",0,2025-04-26,2025-04-26,"pct wk covid lab det","0.025",0,"quantile"
"mb",0,2025-04-26,2025-04-26,"pct wk covid lab det","0.1",0,"quantile"
"mb",0,2025-04-26,2025-04-26,"pct wk covid lab det","0.25",0,"quantile"
"mb",0,2025-04-26,2025-04-26,"pct wk covid lab det","0.5",1.03,"quantile"
"mb",0,2025-04-26,2025-04-26,"pct wk covid lab det","0.75",2.155,"quantile"
"mb",0,2025-04-26,2025-04-26,"pct wk covid lab det","0.9",3.297,"quantile"
"mb",0,2025-04-26,2025-04-26,"pct wk covid lab det","0.975",4.56375,"quantile"
"mb",1,2025-04-26,2025-05-03,"pct wk covid lab det","0.025",0,"quantile"
"mb",1,2025-04-26,2025-05-03,"pct wk covid lab det","0.1",0,"quantile"
"mb",1,2025-04-26,2025-05-03,"pct wk covid lab det","0.25",0,"quantile"
"mb",1,2025-04-26,2025-05-03,"pct wk covid lab det","0.5",1.03,"quantile"
"mb",1,2025-04-26,2025-05-03,"pct wk covid lab det","0.75",2.6200466504665,"quantile"
"mb",1,2025-04-26,2025-05-03,"pct wk covid lab det","0.9",4.13369123691237,"quantile"
"mb",1,2025-04-26,2025-05-03,"pct wk covid lab det","0.975",6.08225604506044,"quantile"
"mb",2,2025-04-26,2025-05-10,"pct wk covid lab det","0.025",0,"quantile"
"mb",2,2025-04-26,2025-05-10,"pct wk covid lab det","0.1",0,"quantile"
"mb",2,2025-04-26,2025-05-10,"pct wk covid lab det","0.25",0,"quantile"
"mb",2,2025-04-26,2025-05-10,"pct wk covid lab det","0.5",1.03,"quantile"
"mb",2,2025-04-26,2025-05-10,"pct wk covid lab det","0.75",3.00891181411814,"quantile"
"mb",2,2025-04-26,2025-05-10,"pct wk covid lab det","0.9",4.89280289802899,"quantile"
"mb",2,2025-04-26,2025-05-10,"pct wk covid lab det","0.975",7.18849524495245,"quantile"
"mb",3,2025-04-26,2025-05-17,"pct wk covid lab det","0.025",0,"quantile"
"mb",3,2025-04-26,2025-05-17,"pct wk covid lab det","0.1",0,"quantile"
"mb",3,2025-04-26,2025-05-17,"pct wk covid lab det","0.25",0,"quantile"
"mb",3,2025-04-26,2025-05-17,"pct wk covid lab det","0.5",1.03,"quantile"
"mb",3,2025-04-26,2025-05-17,"pct wk covid lab det","0.75",3.35720667206672,"quantile"
"mb",3,2025-04-26,2025-05-17,"pct wk covid lab det","0.9",5.55225086250863,"quantile"
"mb",3,2025-04-26,2025-05-17,"pct wk covid lab det","0.975",8.12666541415414,"quantile"
"nb",0,2025-04-26,2025-04-26,"pct wk covid lab det","0.025",0.184,"quantile"
"nb",0,2025-04-26,2025-04-26,"pct wk covid lab det","0.1",2.13,"quantile"
"nb",0,2025-04-26,2025-04-26,"pct wk covid lab det","0.25",3.1725,"quantile"
"nb",0,2025-04-26,2025-04-26,"pct wk covid lab det","0.5",4.07,"quantile"
"nb",0,2025-04-26,2025-04-26,"pct wk covid lab det","0.75",4.9675,"quantile"
"nb",0,2025-04-26,2025-04-26,"pct wk covid lab det","0.9",6.01,"quantile"
"nb",0,2025-04-26,2025-04-26,"pct wk covid lab det","0.975",7.956,"quantile"
"nb",1,2025-04-26,2025-05-03,"pct wk covid lab det","0.025",0,"quantile"
"nb",1,2025-04-26,2025-05-03,"pct wk covid lab det","0.1",1.22094548945489,"quantile"
"nb",1,2025-04-26,2025-05-03,"pct wk covid lab det","0.25",2.65950484504845,"quantile"
"nb",1,2025-04-26,2025-05-03,"pct wk covid lab det","0.5",4.07,"quantile"
"nb",1,2025-04-26,2025-05-03,"pct wk covid lab det","0.75",5.48338748387484,"quantile"
"nb",1,2025-04-26,2025-05-03,"pct wk covid lab det","0.9",6.93582216822168,"quantile"
"nb",1,2025-04-26,2025-05-03,"pct wk covid lab det","0.975",8.74703679786798,"quantile"
"nb",2,2025-04-26,2025-05-10,"pct wk covid lab det","0.025",0,"quantile"
"nb",2,2025-04-26,2025-05-10,"pct wk covid lab det","0.1",0.543657886578864,"quantile"
"nb",2,2025-04-26,2025-05-10,"pct wk covid lab det","0.25",2.26233099830998,"quantile"
"nb",2,2025-04-26,2025-05-10,"pct wk covid lab det","0.5",4.07,"quantile"
"nb",2,2025-04-26,2025-05-10,"pct wk covid lab det","0.75",5.85621036210362,"quantile"
"nb",2,2025-04-26,2025-05-10,"pct wk covid lab det","0.9",7.59083875838758,"quantile"
"nb",2,2025-04-26,2025-05-10,"pct wk covid lab det","0.975",9.68510278602785,"quantile"
"nb",3,2025-04-26,2025-05-17,"pct wk covid lab det","0.025",0,"quantile"
"nb",3,2025-04-26,2025-05-17,"pct wk covid lab det","0.1",0,"quantile"
"nb",3,2025-04-26,2025-05-17,"pct wk covid lab det","0.25",1.95421549215492,"quantile"
"nb",3,2025-04-26,2025-05-17,"pct wk covid lab det","0.5",4.07,"quantile"
"nb",3,2025-04-26,2025-05-17,"pct wk covid lab det","0.75",6.17919781697817,"quantile"
"nb",3,2025-04-26,2025-05-17,"pct wk covid lab det","0.9",8.17814780147802,"quantile"
"nb",3,2025-04-26,2025-05-17,"pct wk covid lab det","0.975",10.5072937704377,"quantile"
"nl",0,2025-04-26,2025-04-26,"pct wk covid lab det","0.025",0,"quantile"
"nl",0,2025-04-26,2025-04-26,"pct wk covid lab det","0.1",0,"quantile"
"nl",0,2025-04-26,2025-04-26,"pct wk covid lab det","0.25",0,"quantile"
"nl",0,2025-04-26,2025-04-26,"pct wk covid lab det","0.5",0.72,"quantile"
"nl",0,2025-04-26,2025-04-26,"pct wk covid lab det","0.75",2.3025,"quantile"
"nl",0,2025-04-26,2025-04-26,"pct wk covid lab det","0.9",4.113,"quantile"
"nl",0,2025-04-26,2025-04-26,"pct wk covid lab det","0.975",5.94299999999999,"quantile"
"nl",1,2025-04-26,2025-05-03,"pct wk covid lab det","0.025",0,"quantile"
"nl",1,2025-04-26,2025-05-03,"pct wk covid lab det","0.1",0,"quantile"
"nl",1,2025-04-26,2025-05-03,"pct wk covid lab det","0.25",0,"quantile"
"nl",1,2025-04-26,2025-05-03,"pct wk covid lab det","0.5",0.72,"quantile"
"nl",1,2025-04-26,2025-05-03,"pct wk covid lab det","0.75",2.93865898658987,"quantile"
"nl",1,2025-04-26,2025-05-03,"pct wk covid lab det","0.9",5.08439476394764,"quantile"
"nl",1,2025-04-26,2025-05-03,"pct wk covid lab det","0.975",7.3864573195732,"quantile"
"nl",2,2025-04-26,2025-05-10,"pct wk covid lab det","0.025",0,"quantile"
"nl",2,2025-04-26,2025-05-10,"pct wk covid lab det","0.1",0,"quantile"
"nl",2,2025-04-26,2025-05-10,"pct wk covid lab det","0.25",0,"quantile"
"nl",2,2025-04-26,2025-05-10,"pct wk covid lab det","0.5",0.72,"quantile"
"nl",2,2025-04-26,2025-05-10,"pct wk covid lab det","0.75",3.53220057200572,"quantile"
"nl",2,2025-04-26,2025-05-10,"pct wk covid lab det","0.9",6.1230136401364,"quantile"
"nl",2,2025-04-26,2025-05-10,"pct wk covid lab det","0.975",9.00213221632216,"quantile"
"nl",3,2025-04-26,2025-05-17,"pct wk covid lab det","0.025",0,"quantile"
"nl",3,2025-04-26,2025-05-17,"pct wk covid lab det","0.1",0,"quantile"
"nl",3,2025-04-26,2025-05-17,"pct wk covid lab det","0.25",0,"quantile"
"nl",3,2025-04-26,2025-05-17,"pct wk covid lab det","0.5",0.72,"quantile"
"nl",3,2025-04-26,2025-05-17,"pct wk covid lab det","0.75",4.0129981299813,"quantile"
"nl",3,2025-04-26,2025-05-17,"pct wk covid lab det","0.9",7.02671866718667,"quantile"
"nl",3,2025-04-26,2025-05-17,"pct wk covid lab det","0.975",10.4057289272893,"quantile"
"ns",0,2025-04-26,2025-04-26,"pct wk covid lab det","0.025",0,"quantile"
"ns",0,2025-04-26,2025-04-26,"pct wk covid lab det","0.1",1.009,"quantile"
"ns",0,2025-04-26,2025-04-26,"pct wk covid lab det","0.25",2.1925,"quantile"
"ns",0,2025-04-26,2025-04-26,"pct wk covid lab det","0.5",3.68,"quantile"
"ns",0,2025-04-26,2025-04-26,"pct wk covid lab det","0.75",5.1675,"quantile"
"ns",0,2025-04-26,2025-04-26,"pct wk covid lab det","0.9",6.351,"quantile"
"ns",0,2025-04-26,2025-04-26,"pct wk covid lab det","0.975",7.43725,"quantile"
"ns",1,2025-04-26,2025-05-03,"pct wk covid lab det","0.025",0,"quantile"
"ns",1,2025-04-26,2025-05-03,"pct wk covid lab det","0.1",0.0472981729817302,"quantile"
"ns",1,2025-04-26,2025-05-03,"pct wk covid lab det","0.25",1.73794010440104,"quantile"
"ns",1,2025-04-26,2025-05-03,"pct wk covid lab det","0.5",3.68,"quantile"
"ns",1,2025-04-26,2025-05-03,"pct wk covid lab det","0.75",5.64305478054781,"quantile"
"ns",1,2025-04-26,2025-05-03,"pct wk covid lab det","0.9",7.40289217892179,"quantile"
"ns",1,2025-04-26,2025-05-03,"pct wk covid lab det","0.975",9.44922491974919,"quantile"
"ns",2,2025-04-26,2025-05-10,"pct wk covid lab det","0.025",0,"quantile"
"ns",2,2025-04-26,2025-05-10,"pct wk covid lab det","0.1",0,"quantile"
"ns",2,2025-04-26,2025-05-10,"pct wk covid lab det","0.25",1.29191626916269,"quantile"
"ns",2,2025-04-26,2025-05-10,"pct wk covid lab det","0.5",3.68,"quantile"
"ns",2,2025-04-26,2025-05-10,"pct wk covid lab det","0.75",6.09127696276962,"quantile"
"ns",2,2025-04-26,2025-05-10,"pct wk covid lab det","0.9",8.26435697356974,"quantile"
"ns",2,2025-04-26,2025-05-10,"pct wk covid lab det","0.975",10.7054343368434,"quantile"
"ns",3,2025-04-26,2025-05-17,"pct wk covid lab det","0.025",0,"quantile"
"ns",3,2025-04-26,2025-05-17,"pct wk covid lab det","0.1",0,"quantile"
"ns",3,2025-04-26,2025-05-17,"pct wk covid lab det","0.25",0.910796957969578,"quantile"
"ns",3,2025-04-26,2025-05-17,"pct wk covid lab det","0.5",3.68,"quantile"
"ns",3,2025-04-26,2025-05-17,"pct wk covid lab det","0.75",6.44610933609336,"quantile"
"ns",3,2025-04-26,2025-05-17,"pct wk covid lab det","0.9",8.96451642516425,"quantile"
"ns",3,2025-04-26,2025-05-17,"pct wk covid lab det","0.975",11.8295975234752,"quantile"
"nt",0,2025-04-26,2025-04-26,"pct wk covid lab det","0.025",0,"quantile"
"nt",0,2025-04-26,2025-04-26,"pct wk covid lab det","0.1",0,"quantile"
"nt",0,2025-04-26,2025-04-26,"pct wk covid lab det","0.25",0,"quantile"
"nt",0,2025-04-26,2025-04-26,"pct wk covid lab det","0.5",0,"quantile"
"nt",0,2025-04-26,2025-04-26,"pct wk covid lab det","0.75",3.7,"quantile"
"nt",0,2025-04-26,2025-04-26,"pct wk covid lab det","0.9",9.712,"quantile"
"nt",0,2025-04-26,2025-04-26,"pct wk covid lab det","0.975",15.748,"quantile"
"nt",1,2025-04-26,2025-05-03,"pct wk covid lab det","0.025",0,"quantile"
"nt",1,2025-04-26,2025-05-03,"pct wk covid lab det","0.1",0,"quantile"
"nt",1,2025-04-26,2025-05-03,"pct wk covid lab det","0.25",0,"quantile"
"nt",1,2025-04-26,2025-05-03,"pct wk covid lab det","0.5",0,"quantile"
"nt",1,2025-04-26,2025-05-03,"pct wk covid lab det","0.75",6.48144001440014,"quantile"
"nt",1,2025-04-26,2025-05-03,"pct wk covid lab det","0.9",12.3210128701287,"quantile"
"nt",1,2025-04-26,2025-05-03,"pct wk covid lab det","0.975",20.281980199802,"quantile"
"nt",2,2025-04-26,2025-05-10,"pct wk covid lab det","0.025",0,"quantile"
"nt",2,2025-04-26,2025-05-10,"pct wk covid lab det","0.1",0,"quantile"
"nt",2,2025-04-26,2025-05-10,"pct wk covid lab det","0.25",0,"quantile"
"nt",2,2025-04-26,2025-05-10,"pct wk covid lab det","0.5",8.50508505083614e-05,"quantile"
"nt",2,2025-04-26,2025-05-10,"pct wk covid lab det","0.75",7.82038340383404,"quantile"
"nt",2,2025-04-26,2025-05-10,"pct wk covid lab det","0.9",15.5851221312213,"quantile"
"nt",2,2025-04-26,2025-05-10,"pct wk covid lab det","0.975",24.798741404914,"quantile"
"nt",3,2025-04-26,2025-05-17,"pct wk covid lab det","0.025",0,"quantile"
"nt",3,2025-04-26,2025-05-17,"pct wk covid lab det","0.1",0,"quantile"
"nt",3,2025-04-26,2025-05-17,"pct wk covid lab det","0.25",0,"quantile"
"nt",3,2025-04-26,2025-05-17,"pct wk covid lab det","0.5",0.000330753307533627,"quantile"
"nt",3,2025-04-26,2025-05-17,"pct wk covid lab det","0.75",9.2279767797678,"quantile"
"nt",3,2025-04-26,2025-05-17,"pct wk covid lab det","0.9",18.1325148051481,"quantile"
"nt",3,2025-04-26,2025-05-17,"pct wk covid lab det","0.975",28.7880717082171,"quantile"
"nu",0,2025-04-26,2025-04-26,"pct wk covid lab det","0.025",0,"quantile"
"nu",0,2025-04-26,2025-04-26,"pct wk covid lab det","0.1",0,"quantile"
"nu",0,2025-04-26,2025-04-26,"pct wk covid lab det","0.25",0,"quantile"
"nu",0,2025-04-26,2025-04-26,"pct wk covid lab det","0.5",0,"quantile"
"nu",0,2025-04-26,2025-04-26,"pct wk covid lab det","0.75",1.8725,"quantile"
"nu",0,2025-04-26,2025-04-26,"pct wk covid lab det","0.9",4.672,"quantile"
"nu",0,2025-04-26,2025-04-26,"pct wk covid lab det","0.975",7.69299999999999,"quantile"
"nu",1,2025-04-26,2025-05-03,"pct wk covid lab det","0.025",0,"quantile"
"nu",1,2025-04-26,2025-05-03,"pct wk covid lab det","0.1",0,"quantile"
"nu",1,2025-04-26,2025-05-03,"pct wk covid lab det","0.25",0,"quantile"
"nu",1,2025-04-26,2025-05-03,"pct wk covid lab det","0.5",1.1875118750837e-05,"quantile"
"nu",1,2025-04-26,2025-05-03,"pct wk covid lab det","0.75",2.94447964479645,"quantile"
"nu",1,2025-04-26,2025-05-03,"pct wk covid lab det","0.9",6.27772681726817,"quantile"
"nu",1,2025-04-26,2025-05-03,"pct wk covid lab det","0.975",10.4009930224302,"quantile"
"nu",2,2025-04-26,2025-05-10,"pct wk covid lab det","0.025",0,"quantile"
"nu",2,2025-04-26,2025-05-10,"pct wk covid lab det","0.1",0,"quantile"
"nu",2,2025-04-26,2025-05-10,"pct wk covid lab det","0.25",0,"quantile"
"nu",2,2025-04-26,2025-05-10,"pct wk covid lab det","0.5",4.49254492551621e-05,"quantile"
"nu",2,2025-04-26,2025-05-10,"pct wk covid lab det","0.75",3.90107093570936,"quantile"
"nu",2,2025-04-26,2025-05-10,"pct wk covid lab det","0.9",7.8829582795828,"quantile"
"nu",2,2025-04-26,2025-05-10,"pct wk covid lab det","0.975",12.6797925054251,"quantile"
"nu",3,2025-04-26,2025-05-17,"pct wk covid lab det","0.025",0,"quantile"
"nu",3,2025-04-26,2025-05-17,"pct wk covid lab det","0.1",0,"quantile"
"nu",3,2025-04-26,2025-05-17,"pct wk covid lab det","0.25",0,"quantile"
"nu",3,2025-04-26,2025-05-17,"pct wk covid lab det","0.5",3.9450394504259e-05,"quantile"
"nu",3,2025-04-26,2025-05-17,"pct wk covid lab det","0.75",4.67955969559695,"quantile"
"nu",3,2025-04-26,2025-05-17,"pct wk covid lab det","0.9",9.20027185271852,"quantile"
"nu",3,2025-04-26,2025-05-17,"pct wk covid lab det","0.975",14.7133712237122,"quantile"
"on",0,2025-04-26,2025-04-26,"pct wk covid lab det","0.025",0,"quantile"
"on",0,2025-04-26,2025-04-26,"pct wk covid lab det","0.1",0.407000000000001,"quantile"
"on",0,2025-04-26,2025-04-26,"pct wk covid lab det","0.25",1.1975,"quantile"
"on",0,2025-04-26,2025-04-26,"pct wk covid lab det","0.5",2.08,"quantile"
"on",0,2025-04-26,2025-04-26,"pct wk covid lab det","0.75",2.9625,"quantile"
"on",0,2025-04-26,2025-04-26,"pct wk covid lab det","0.9",3.753,"quantile"
"on",0,2025-04-26,2025-04-26,"pct wk covid lab det","0.975",4.8155,"quantile"
"on",1,2025-04-26,2025-05-03,"pct wk covid lab det","0.025",0,"quantile"
"on",1,2025-04-26,2025-05-03,"pct wk covid lab det","0.1",0,"quantile"
"on",1,2025-04-26,2025-05-03,"pct wk covid lab det","0.25",0.842760177601775,"quantile"
"on",1,2025-04-26,2025-05-03,"pct wk covid lab det","0.5",2.08,"quantile"
"on",1,2025-04-26,2025-05-03,"pct wk covid lab det","0.75",3.34669621696217,"quantile"
"on",1,2025-04-26,2025-05-03,"pct wk covid lab det","0.9",4.52735448354484,"quantile"
"on",1,2025-04-26,2025-05-03,"pct wk covid lab det","0.975",5.83605529805298,"quantile"
"on",2,2025-04-26,2025-05-10,"pct wk covid lab det","0.025",0,"quantile"
"on",2,2025-04-26,2025-05-10,"pct wk covid lab det","0.1",0,"quantile"
"on",2,2025-04-26,2025-05-10,"pct wk covid lab det","0.25",0.552726502265024,"quantile"
"on",2,2025-04-26,2025-05-10,"pct wk covid lab det","0.5",2.08,"quantile"
"on",2,2025-04-26,2025-05-10,"pct wk covid lab det","0.75",3.6414787897879,"quantile"
"on",2,2025-04-26,2025-05-10,"pct wk covid lab det","0.9",5.06818915189152,"quantile"
"on",2,2025-04-26,2025-05-10,"pct wk covid lab det","0.975",6.64211088110881,"quantile"
"on",3,2025-04-26,2025-05-17,"pct wk covid lab det","0.025",0,"quantile"
"on",3,2025-04-26,2025-05-17,"pct wk covid lab det","0.1",0,"quantile"
"on",3,2025-04-26,2025-05-17,"pct wk covid lab det","0.25",0.289516845168452,"quantile"
"on",3,2025-04-26,2025-05-17,"pct wk covid lab det","0.5",2.08,"quantile"
"on",3,2025-04-26,2025-05-17,"pct wk covid lab det","0.75",3.87874448744487,"quantile"
"on",3,2025-04-26,2025-05-17,"pct wk covid lab det","0.9",5.49271784717847,"quantile"
"on",3,2025-04-26,2025-05-17,"pct wk covid lab det","0.975",7.31070052200521,"quantile"
"pe",0,2025-04-26,2025-04-26,"pct wk covid lab det","0.025",0,"quantile"
"pe",0,2025-04-26,2025-04-26,"pct wk covid lab det","0.1",0,"quantile"
"pe",0,2025-04-26,2025-04-26,"pct wk covid lab det","0.25",0.1225,"quantile"
"pe",0,2025-04-26,2025-04-26,"pct wk covid lab det","0.5",2.43,"quantile"
"pe",0,2025-04-26,2025-04-26,"pct wk covid lab det","0.75",4.7375,"quantile"
"pe",0,2025-04-26,2025-04-26,"pct wk covid lab det","0.9",7.326,"quantile"
"pe",0,2025-04-26,2025-04-26,"pct wk covid lab det","0.975",10.479,"quantile"
"pe",1,2025-04-26,2025-05-03,"pct wk covid lab det","0.025",0,"quantile"
"pe",1,2025-04-26,2025-05-03,"pct wk covid lab det","0.1",0,"quantile"
"pe",1,2025-04-26,2025-05-03,"pct wk covid lab det","0.25",0,"quantile"
"pe",1,2025-04-26,2025-05-03,"pct wk covid lab det","0.5",2.43,"quantile"
"pe",1,2025-04-26,2025-05-03,"pct wk covid lab det","0.75",5.90333005830059,"quantile"
"pe",1,2025-04-26,2025-05-03,"pct wk covid lab det","0.9",9.21408084080841,"quantile"
"pe",1,2025-04-26,2025-05-03,"pct wk covid lab det","0.975",13.1627829478295,"quantile"
"pe",2,2025-04-26,2025-05-10,"pct wk covid lab det","0.025",0,"quantile"
"pe",2,2025-04-26,2025-05-10,"pct wk covid lab det","0.1",0,"quantile"
"pe",2,2025-04-26,2025-05-10,"pct wk covid lab det","0.25",0,"quantile"
"pe",2,2025-04-26,2025-05-10,"pct wk covid lab det","0.5",2.43,"quantile"
"pe",2,2025-04-26,2025-05-10,"pct wk covid lab det","0.75",6.73258205082051,"quantile"
"pe",2,2025-04-26,2025-05-10,"pct wk covid lab det","0.9",10.7990866208662,"quantile"
"pe",2,2025-04-26,2025-05-10,"pct wk covid lab det","0.975",15.5278359108591,"quantile"
"pe",3,2025-04-26,2025-05-17,"pct wk covid lab det","0.025",0,"quantile"
"pe",3,2025-04-26,2025-05-17,"pct wk covid lab det","0.1",0,"quantile"
"pe",3,2025-04-26,2025-05-17,"pct wk covid lab det","0.25",0,"quantile"
"pe",3,2025-04-26,2025-05-17,"pct wk covid lab det","0.5",2.43,"quantile"
"pe",3,2025-04-26,2025-05-17,"pct wk covid lab det","0.75",7.51513165131651,"quantile"
"pe",3,2025-04-26,2025-05-17,"pct wk covid lab det","0.9",12.1991045210452,"quantile"
"pe",3,2025-04-26,2025-05-17,"pct wk covid lab det","0.975",17.6041252837528,"quantile"
"prairies",0,2025-04-26,2025-04-26,"pct wk covid lab det","0.025",0,"quantile"
"prairies",0,2025-04-26,2025-04-26,"pct wk covid lab det","0.1",0.188,"quantile"
"prairies",0,2025-04-26,2025-04-26,"pct wk covid lab det","0.25",0.6925,"quantile"
"prairies",0,2025-04-26,2025-04-26,"pct wk covid lab det","0.5",1.36,"quantile"
"prairies",0,2025-04-26,2025-04-26,"pct wk covid lab det","0.75",2.0275,"quantile"
"prairies",0,2025-04-26,2025-04-26,"pct wk covid lab det","0.9",2.532,"quantile"
"prairies",0,2025-04-26,2025-04-26,"pct wk covid lab det","0.975",3.081,"quantile"
"prairies",1,2025-04-26,2025-05-03,"pct wk covid lab det","0.025",0,"quantile"
"prairies",1,2025-04-26,2025-05-03,"pct wk covid lab det","0.1",0,"quantile"
"prairies",1,2025-04-26,2025-05-03,"pct wk covid lab det","0.25",0.506779617796178,"quantile"
"prairies",1,2025-04-26,2025-05-03,"pct wk covid lab det","0.5",1.36,"quantile"
"prairies",1,2025-04-26,2025-05-03,"pct wk covid lab det","0.75",2.22609253592536,"quantile"
"prairies",1,2025-04-26,2025-05-03,"pct wk covid lab det","0.9",2.98976692766928,"quantile"
"prairies",1,2025-04-26,2025-05-03,"pct wk covid lab det","0.975",3.80894611196113,"quantile"
"prairies",2,2025-04-26,2025-05-10,"pct wk covid lab det","0.025",0,"quantile"
"prairies",2,2025-04-26,2025-05-10,"pct wk covid lab det","0.1",0,"quantile"
"prairies",2,2025-04-26,2025-05-10,"pct wk covid lab det","0.25",0.316857468574687,"quantile"
"prairies",2,2025-04-26,2025-05-10,"pct wk covid lab det","0.5",1.36,"quantile"
"prairies",2,2025-04-26,2025-05-10,"pct wk covid lab det","0.75",2.4169678696787,"quantile"
"prairies",2,2025-04-26,2025-05-10,"pct wk covid lab det","0.9",3.35250595505955,"quantile"
"prairies",2,2025-04-26,2025-05-10,"pct wk covid lab det","0.975",4.36428339783398,"quantile"
"prairies",3,2025-04-26,2025-05-17,"pct wk covid lab det","0.025",0,"quantile"
"prairies",3,2025-04-26,2025-05-17,"pct wk covid lab det","0.1",0,"quantile"
"prairies",3,2025-04-26,2025-05-17,"pct wk covid lab det","0.25",0.155419254192541,"quantile"
"prairies",3,2025-04-26,2025-05-17,"pct wk covid lab det","0.5",1.36,"quantile"
"prairies",3,2025-04-26,2025-05-17,"pct wk covid lab det","0.75",2.57252377523775,"quantile"
"prairies",3,2025-04-26,2025-05-17,"pct wk covid lab det","0.9",3.65653559535595,"quantile"
"prairies",3,2025-04-26,2025-05-17,"pct wk covid lab det","0.975",4.85156082560825,"quantile"
"qc",0,2025-04-26,2025-04-26,"pct wk covid lab det","0.025",0.251249999999998,"quantile"
"qc",0,2025-04-26,2025-04-26,"pct wk covid lab det","0.1",1.286,"quantile"
"qc",0,2025-04-26,2025-04-26,"pct wk covid lab det","0.25",2.0025,"quantile"
"qc",0,2025-04-26,2025-04-26,"pct wk covid lab det","0.5",2.71,"quantile"
"qc",0,2025-04-26,2025-04-26,"pct wk covid lab det","0.75",3.4175,"quantile"
"qc",0,2025-04-26,2025-04-26,"pct wk covid lab det","0.9",4.134,"quantile"
"qc",0,2025-04-26,2025-04-26,"pct wk covid lab det","0.975",5.16875,"quantile"
"qc",1,2025-04-26,2025-05-03,"pct wk covid lab det","0.025",0,"quantile"
"qc",1,2025-04-26,2025-05-03,"pct wk covid lab det","0.1",0.656952029520296,"quantile"
"qc",1,2025-04-26,2025-05-03,"pct wk covid lab det","0.25",1.64857476074761,"quantile"
"qc",1,2025-04-26,2025-05-03,"pct wk covid lab det","0.5",2.71,"quantile"
"qc",1,2025-04-26,2025-05-03,"pct wk covid lab det","0.75",3.77039225392254,"quantile"
"qc",1,2025-04-26,2025-05-03,"pct wk covid lab det","0.9",4.7809706297063,"quantile"
"qc",1,2025-04-26,2025-05-03,"pct wk covid lab det","0.975",6.0012339498395,"quantile"
"qc",2,2025-04-26,2025-05-10,"pct wk covid lab det","0.025",0,"quantile"
"qc",2,2025-04-26,2025-05-10,"pct wk covid lab det","0.1",0.179703897038972,"quantile"
"qc",2,2025-04-26,2025-05-10,"pct wk covid lab det","0.25",1.40860851108511,"quantile"
"qc",2,2025-04-26,2025-05-10,"pct wk covid lab det","0.5",2.71,"quantile"
"qc",2,2025-04-26,2025-05-10,"pct wk covid lab det","0.75",4.03268810188102,"quantile"
"qc",2,2025-04-26,2025-05-10,"pct wk covid lab det","0.9",5.26239186391864,"quantile"
"qc",2,2025-04-26,2025-05-10,"pct wk covid lab det","0.975",6.69051038010379,"quantile"
"qc",3,2025-04-26,2025-05-17,"pct wk covid lab det","0.025",0,"quantile"
"qc",3,2025-04-26,2025-05-17,"pct wk covid lab det","0.1",0,"quantile"
"qc",3,2025-04-26,2025-05-17,"pct wk covid lab det","0.25",1.17153241532415,"quantile"
"qc",3,2025-04-26,2025-05-17,"pct wk covid lab det","0.5",2.71,"quantile"
"qc",3,2025-04-26,2025-05-17,"pct wk covid lab det","0.75",4.22661649116491,"quantile"
"qc",3,2025-04-26,2025-05-17,"pct wk covid lab det","0.9",5.65253925539256,"quantile"
"qc",3,2025-04-26,2025-05-17,"pct wk covid lab det","0.975",7.29121567215672,"quantile"
"sk",0,2025-04-26,2025-04-26,"pct wk covid lab det","0.025",0,"quantile"
"sk",0,2025-04-26,2025-04-26,"pct wk covid lab det","0.1",0,"quantile"
"sk",0,2025-04-26,2025-04-26,"pct wk covid lab det","0.25",0.12,"quantile"
"sk",0,2025-04-26,2025-04-26,"pct wk covid lab det","0.5",0.97,"quantile"
"sk",0,2025-04-26,2025-04-26,"pct wk covid lab det","0.75",1.82,"quantile"
"sk",0,2025-04-26,2025-04-26,"pct wk covid lab det","0.9",2.745,"quantile"
"sk",0,2025-04-26,2025-04-26,"pct wk covid lab det","0.975",3.5475,"quantile"
"sk",1,2025-04-26,2025-05-03,"pct wk covid lab det","0.025",0,"quantile"
"sk",1,2025-04-26,2025-05-03,"pct wk covid lab det","0.1",0,"quantile"
"sk",1,2025-04-26,2025-05-03,"pct wk covid lab det","0.25",0,"quantile"
"sk",1,2025-04-26,2025-05-03,"pct wk covid lab det","0.5",0.97,"quantile"
"sk",1,2025-04-26,2025-05-03,"pct wk covid lab det","0.75",2.20988467384674,"quantile"
"sk",1,2025-04-26,2025-05-03,"pct wk covid lab det","0.9",3.34569153691537,"quantile"
"sk",1,2025-04-26,2025-05-03,"pct wk covid lab det","0.975",4.66368178681787,"quantile"
"sk",2,2025-04-26,2025-05-10,"pct wk covid lab det","0.025",0,"quantile"
"sk",2,2025-04-26,2025-05-10,"pct wk covid lab det","0.1",0,"quantile"
"sk",2,2025-04-26,2025-05-10,"pct wk covid lab det","0.25",0,"quantile"
"sk",2,2025-04-26,2025-05-10,"pct wk covid lab det","0.5",0.97,"quantile"
"sk",2,2025-04-26,2025-05-10,"pct wk covid lab det","0.75",2.4719963199632,"quantile"
"sk",2,2025-04-26,2025-05-10,"pct wk covid lab det","0.9",3.86552175521755,"quantile"
"sk",2,2025-04-26,2025-05-10,"pct wk covid lab det","0.975",5.46925948509484,"quantile"
"sk",3,2025-04-26,2025-05-17,"pct wk covid lab det","0.025",0,"quantile"
"sk",3,2025-04-26,2025-05-17,"pct wk covid lab det","0.1",0,"quantile"
"sk",3,2025-04-26,2025-05-17,"pct wk covid lab det","0.25",0,"quantile"
"sk",3,2025-04-26,2025-05-17,"pct wk covid lab det","0.5",0.97,"quantile"
"sk",3,2025-04-26,2025-05-17,"pct wk covid lab det","0.75",2.72621188711887,"quantile"
"sk",3,2025-04-26,2025-05-17,"pct wk covid lab det","0.9",4.35059146591466,"quantile"
"sk",3,2025-04-26,2025-05-17,"pct wk covid lab det","0.975",6.17662459374593,"quantile"
"territories",0,2025-04-26,2025-04-26,"pct wk covid lab det","0.025",0,"quantile"
"territories",0,2025-04-26,2025-04-26,"pct wk covid lab det","0.1",0,"quantile"
"territories",0,2025-04-26,2025-04-26,"pct wk covid lab det","0.25",0,"quantile"
"territories",0,2025-04-26,2025-04-26,"pct wk covid lab det","0.5",0.5,"quantile"
"territories",0,2025-04-26,2025-04-26,"pct wk covid lab det","0.75",2.21,"quantile"
"territories",0,2025-04-26,2025-04-26,"pct wk covid lab det","0.9",4.151,"quantile"
"territories",0,2025-04-26,2025-04-26,"pct wk covid lab det","0.975",6.7155,"quantile"
"territories",1,2025-04-26,2025-05-03,"pct wk covid lab det","0.025",0,"quantile"
"territories",1,2025-04-26,2025-05-03,"pct wk covid lab det","0.1",0,"quantile"
"territories",1,2025-04-26,2025-05-03,"pct wk covid lab det","0.25",0,"quantile"
"territories",1,2025-04-26,2025-05-03,"pct wk covid lab det","0.5",0.5,"quantile"
"territories",1,2025-04-26,2025-05-03,"pct wk covid lab det","0.75",2.79889598895989,"quantile"
"territories",1,2025-04-26,2025-05-03,"pct wk covid lab det","0.9",5.3089379893799,"quantile"
"territories",1,2025-04-26,2025-05-03,"pct wk covid lab det","0.975",8.50536754867548,"quantile"
"territories",2,2025-04-26,2025-05-10,"pct wk covid lab det","0.025",0,"quantile"
"territories",2,2025-04-26,2025-05-10,"pct wk covid lab det","0.1",0,"quantile"
"territories",2,2025-04-26,2025-05-10,"pct wk covid lab det","0.25",0,"quantile"
"territories",2,2025-04-26,2025-05-10,"pct wk covid lab det","0.5",0.5,"quantile"
"territories",2,2025-04-26,2025-05-10,"pct wk covid lab det","0.75",3.52874688746887,"quantile"
"territories",2,2025-04-26,2025-05-10,"pct wk covid lab det","0.9",6.55558005580056,"quantile"
"territories",2,2025-04-26,2025-05-10,"pct wk covid lab det","0.975",10.1317068295683,"quantile"
"territories",3,2025-04-26,2025-05-17,"pct wk covid lab det","0.025",0,"quantile"
"territories",3,2025-04-26,2025-05-17,"pct wk covid lab det","0.1",0,"quantile"
"territories",3,2025-04-26,2025-05-17,"pct wk covid lab det","0.25",0,"quantile"
"territories",3,2025-04-26,2025-05-17,"pct wk covid lab det","0.5",0.5,"quantile"
"territories",3,2025-04-26,2025-05-17,"pct wk covid lab det","0.75",4.15103598535985,"quantile"
"territories",3,2025-04-26,2025-05-17,"pct wk covid lab det","0.9",7.61862148621486,"quantile"
"territories",3,2025-04-26,2025-05-17,"pct wk covid lab det","0.975",11.7249678321783,"quantile"
"yk",0,2025-04-26,2025-04-26,"pct wk covid lab det","0.025",0,"quantile"
"yk",0,2025-04-26,2025-04-26,"pct wk covid lab det","0.1",0,"quantile"
"yk",0,2025-04-26,2025-04-26,"pct wk covid lab det","0.25",0,"quantile"
"yk",0,2025-04-26,2025-04-26,"pct wk covid lab det","0.5",2.94,"quantile"
"yk",0,2025-04-26,2025-04-26,"pct wk covid lab det","0.75",6.5025,"quantile"
"yk",0,2025-04-26,2025-04-26,"pct wk covid lab det","0.9",10.946,"quantile"
"yk",0,2025-04-26,2025-04-26,"pct wk covid lab det","0.975",17.014,"quantile"
"yk",1,2025-04-26,2025-05-03,"pct wk covid lab det","0.025",0,"quantile"
"yk",1,2025-04-26,2025-05-03,"pct wk covid lab det","0.1",0,"quantile"
"yk",1,2025-04-26,2025-05-03,"pct wk covid lab det","0.25",0,"quantile"
"yk",1,2025-04-26,2025-05-03,"pct wk covid lab det","0.5",2.94,"quantile"
"yk",1,2025-04-26,2025-05-03,"pct wk covid lab det","0.75",8.51024767747677,"quantile"
"yk",1,2025-04-26,2025-05-03,"pct wk covid lab det","0.9",14.2155964659647,"quantile"
"yk",1,2025-04-26,2025-05-03,"pct wk covid lab det","0.975",20.5880553430534,"quantile"
"yk",2,2025-04-26,2025-05-10,"pct wk covid lab det","0.025",0,"quantile"
"yk",2,2025-04-26,2025-05-10,"pct wk covid lab det","0.1",0,"quantile"
"yk",2,2025-04-26,2025-05-10,"pct wk covid lab det","0.25",0,"quantile"
"yk",2,2025-04-26,2025-05-10,"pct wk covid lab det","0.5",2.94,"quantile"
"yk",2,2025-04-26,2025-05-10,"pct wk covid lab det","0.75",9.81818433184332,"quantile"
"yk",2,2025-04-26,2025-05-10,"pct wk covid lab det","0.9",16.5241236612366,"quantile"
"yk",2,2025-04-26,2025-05-10,"pct wk covid lab det","0.975",24.1494669921699,"quantile"
"yk",3,2025-04-26,2025-05-17,"pct wk covid lab det","0.025",0,"quantile"
"yk",3,2025-04-26,2025-05-17,"pct wk covid lab det","0.1",0,"quantile"
"yk",3,2025-04-26,2025-05-17,"pct wk covid lab det","0.25",0,"quantile"
"yk",3,2025-04-26,2025-05-17,"pct wk covid lab det","0.5",2.94,"quantile"
"yk",3,2025-04-26,2025-05-17,"pct wk covid lab det","0.75",11.1358971839718,"quantile"
"yk",3,2025-04-26,2025-05-17,"pct wk covid lab det","0.9",18.7659967499675,"quantile"
"yk",3,2025-04-26,2025-05-17,"pct wk covid lab det","0.975",27.4996097185972,"quantile"
"ab",0,2025-04-26,2025-04-26,"pct wk rsv lab det","0.025",0,"quantile"
"ab",0,2025-04-26,2025-04-26,"pct wk rsv lab det","0.1",0,"quantile"
"ab",0,2025-04-26,2025-04-26,"pct wk rsv lab det","0.25",0.79,"quantile"
"ab",0,2025-04-26,2025-04-26,"pct wk rsv lab det","0.5",0.92,"quantile"
"ab",0,2025-04-26,2025-04-26,"pct wk rsv lab det","0.75",1.05,"quantile"
"ab",0,2025-04-26,2025-04-26,"pct wk rsv lab det","0.9",2.035,"quantile"
"ab",0,2025-04-26,2025-04-26,"pct wk rsv lab det","0.975",3.84624999999999,"quantile"
"ab",1,2025-04-26,2025-05-03,"pct wk rsv lab det","0.025",0,"quantile"
"ab",1,2025-04-26,2025-05-03,"pct wk rsv lab det","0.1",0,"quantile"
"ab",1,2025-04-26,2025-05-03,"pct wk rsv lab det","0.25",0.389923299232992,"quantile"
"ab",1,2025-04-26,2025-05-03,"pct wk rsv lab det","0.5",0.92,"quantile"
"ab",1,2025-04-26,2025-05-03,"pct wk rsv lab det","0.75",1.51419419194192,"quantile"
"ab",1,2025-04-26,2025-05-03,"pct wk rsv lab det","0.9",2.85223431234313,"quantile"
"ab",1,2025-04-26,2025-05-03,"pct wk rsv lab det","0.975",5.30314843898437,"quantile"
"ab",2,2025-04-26,2025-05-10,"pct wk rsv lab det","0.025",0,"quantile"
"ab",2,2025-04-26,2025-05-10,"pct wk rsv lab det","0.1",0,"quantile"
"ab",2,2025-04-26,2025-05-10,"pct wk rsv lab det","0.25",0.13,"quantile"
"ab",2,2025-04-26,2025-05-10,"pct wk rsv lab det","0.5",0.92,"quantile"
"ab",2,2025-04-26,2025-05-10,"pct wk rsv lab det","0.75",1.87510000100001,"quantile"
"ab",2,2025-04-26,2025-05-10,"pct wk rsv lab det","0.9",3.47668157681577,"quantile"
"ab",2,2025-04-26,2025-05-10,"pct wk rsv lab det","0.975",6.71502099270993,"quantile"
"ab",3,2025-04-26,2025-05-17,"pct wk rsv lab det","0.025",0,"quantile"
"ab",3,2025-04-26,2025-05-17,"pct wk rsv lab det","0.1",0,"quantile"
"ab",3,2025-04-26,2025-05-17,"pct wk rsv lab det","0.25",0,"quantile"
"ab",3,2025-04-26,2025-05-17,"pct wk rsv lab det","0.5",0.92,"quantile"
"ab",3,2025-04-26,2025-05-17,"pct wk rsv lab det","0.75",2.17185501855019,"quantile"
"ab",3,2025-04-26,2025-05-17,"pct wk rsv lab det","0.9",4.01890180901809,"quantile"
"ab",3,2025-04-26,2025-05-17,"pct wk rsv lab det","0.975",7.32028599285995,"quantile"
"atlantic",0,2025-04-26,2025-04-26,"pct wk rsv lab det","0.025",0.343,"quantile"
"atlantic",0,2025-04-26,2025-04-26,"pct wk rsv lab det","0.1",1.69,"quantile"
"atlantic",0,2025-04-26,2025-04-26,"pct wk rsv lab det","0.25",2.4375,"quantile"
"atlantic",0,2025-04-26,2025-04-26,"pct wk rsv lab det","0.5",2.78,"quantile"
"atlantic",0,2025-04-26,2025-04-26,"pct wk rsv lab det","0.75",3.1225,"quantile"
"atlantic",0,2025-04-26,2025-04-26,"pct wk rsv lab det","0.9",3.87,"quantile"
"atlantic",0,2025-04-26,2025-04-26,"pct wk rsv lab det","0.975",5.217,"quantile"
"atlantic",1,2025-04-26,2025-05-03,"pct wk rsv lab det","0.025",0,"quantile"
"atlantic",1,2025-04-26,2025-05-03,"pct wk rsv lab det","0.1",0.958210402104022,"quantile"
"atlantic",1,2025-04-26,2025-05-03,"pct wk rsv lab det","0.25",2.07445489454895,"quantile"
"atlantic",1,2025-04-26,2025-05-03,"pct wk rsv lab det","0.5",2.78,"quantile"
"atlantic",1,2025-04-26,2025-05-03,"pct wk rsv lab det","0.75",3.4845289202892,"quantile"
"atlantic",1,2025-04-26,2025-05-03,"pct wk rsv lab det","0.9",4.62381335813358,"quantile"
"atlantic",1,2025-04-26,2025-05-03,"pct wk rsv lab det","0.975",6.72850982509828,"quantile"
"atlantic",2,2025-04-26,2025-05-10,"pct wk rsv lab det","0.025",0,"quantile"
"atlantic",2,2025-04-26,2025-05-10,"pct wk rsv lab det","0.1",0.518235212352124,"quantile"
"atlantic",2,2025-04-26,2025-05-10,"pct wk rsv lab det","0.25",1.77770392703927,"quantile"
"atlantic",2,2025-04-26,2025-05-10,"pct wk rsv lab det","0.5",2.78,"quantile"
"atlantic",2,2025-04-26,2025-05-10,"pct wk rsv lab det","0.75",3.78882858828588,"quantile"
"atlantic",2,2025-04-26,2025-05-10,"pct wk rsv lab det","0.9",5.10758188581886,"quantile"
"atlantic",2,2025-04-26,2025-05-10,"pct wk rsv lab det","0.975",7.45538153881537,"quantile"
"atlantic",3,2025-04-26,2025-05-17,"pct wk rsv lab det","0.025",0,"quantile"
"atlantic",3,2025-04-26,2025-05-17,"pct wk rsv lab det","0.1",0.104637706377064,"quantile"
"atlantic",3,2025-04-26,2025-05-17,"pct wk rsv lab det","0.25",1.53133948839488,"quantile"
"atlantic",3,2025-04-26,2025-05-17,"pct wk rsv lab det","0.5",2.78,"quantile"
"atlantic",3,2025-04-26,2025-05-17,"pct wk rsv lab det","0.75",4.04856631066311,"quantile"
"atlantic",3,2025-04-26,2025-05-17,"pct wk rsv lab det","0.9",5.5569886598866,"quantile"
"atlantic",3,2025-04-26,2025-05-17,"pct wk rsv lab det","0.975",7.93554504545043,"quantile"
"bc",0,2025-04-26,2025-04-26,"pct wk rsv lab det","0.025",0,"quantile"
"bc",0,2025-04-26,2025-04-26,"pct wk rsv lab det","0.1",1.09,"quantile"
"bc",0,2025-04-26,2025-04-26,"pct wk rsv lab det","0.25",1.72,"quantile"
"bc",0,2025-04-26,2025-04-26,"pct wk rsv lab det","0.5",1.94,"quantile"
"bc",0,2025-04-26,2025-04-26,"pct wk rsv lab det","0.75",2.16,"quantile"
"bc",0,2025-04-26,2025-04-26,"pct wk rsv lab det","0.9",2.79,"quantile"
"bc",0,2025-04-26,2025-04-26,"pct wk rsv lab det","0.975",4.03925,"quantile"
"bc",1,2025-04-26,2025-05-03,"pct wk rsv lab det","0.025",0,"quantile"
"bc",1,2025-04-26,2025-05-03,"pct wk rsv lab det","0.1",0.525312633126331,"quantile"
"bc",1,2025-04-26,2025-05-03,"pct wk rsv lab det","0.25",1.40447199471995,"quantile"
"bc",1,2025-04-26,2025-05-03,"pct wk rsv lab det","0.5",1.94,"quantile"
"bc",1,2025-04-26,2025-05-03,"pct wk rsv lab det","0.75",2.48238812388124,"quantile"
"bc",1,2025-04-26,2025-05-03,"pct wk rsv lab det","0.9",3.38,"quantile"
"bc",1,2025-04-26,2025-05-03,"pct wk rsv lab det","0.975",4.63415316653166,"quantile"
"bc",2,2025-04-26,2025-05-10,"pct wk rsv lab det","0.025",0,"quantile"
"bc",2,2025-04-26,2025-05-10,"pct wk rsv lab det","0.1",0.184362973629736,"quantile"
"bc",2,2025-04-26,2025-05-10,"pct wk rsv lab det","0.25",1.17016247662477,"quantile"
"bc",2,2025-04-26,2025-05-10,"pct wk rsv lab det","0.5",1.94,"quantile"
"bc",2,2025-04-26,2025-05-10,"pct wk rsv lab det","0.75",2.71580988309883,"quantile"
"bc",2,2025-04-26,2025-05-10,"pct wk rsv lab det","0.9",3.75210029100291,"quantile"
"bc",2,2025-04-26,2025-05-10,"pct wk rsv lab det","0.975",5.13834872098721,"quantile"
"bc",3,2025-04-26,2025-05-17,"pct wk rsv lab det","0.025",0,"quantile"
"bc",3,2025-04-26,2025-05-17,"pct wk rsv lab det","0.1",0,"quantile"
"bc",3,2025-04-26,2025-05-17,"pct wk rsv lab det","0.25",0.988064905649055,"quantile"
"bc",3,2025-04-26,2025-05-17,"pct wk rsv lab det","0.5",1.94,"quantile"
"bc",3,2025-04-26,2025-05-17,"pct wk rsv lab det","0.75",2.90515812658127,"quantile"
"bc",3,2025-04-26,2025-05-17,"pct wk rsv lab det","0.9",4.07176885768858,"quantile"
"bc",3,2025-04-26,2025-05-17,"pct wk rsv lab det","0.975",5.52793650186502,"quantile"
"ca",0,2025-04-26,2025-04-26,"pct wk rsv lab det","0.025",0.01,"quantile"
"ca",0,2025-04-26,2025-04-26,"pct wk rsv lab det","0.1",0.693,"quantile"
"ca",0,2025-04-26,2025-04-26,"pct wk rsv lab det","0.25",1.21,"quantile"
"ca",0,2025-04-26,2025-04-26,"pct wk rsv lab det","0.5",1.41,"quantile"
"ca",0,2025-04-26,2025-04-26,"pct wk rsv lab det","0.75",1.61,"quantile"
"ca",0,2025-04-26,2025-04-26,"pct wk rsv lab det","0.9",2.127,"quantile"
"ca",0,2025-04-26,2025-04-26,"pct wk rsv lab det","0.975",2.81,"quantile"
"ca",1,2025-04-26,2025-05-03,"pct wk rsv lab det","0.025",0,"quantile"
"ca",1,2025-04-26,2025-05-03,"pct wk rsv lab det","0.1",0.339914789147892,"quantile"
"ca",1,2025-04-26,2025-05-03,"pct wk rsv lab det","0.25",0.969336993369934,"quantile"
"ca",1,2025-04-26,2025-05-03,"pct wk rsv lab det","0.5",1.41,"quantile"
"ca",1,2025-04-26,2025-05-03,"pct wk rsv lab det","0.75",1.85593053430534,"quantile"
"ca",1,2025-04-26,2025-05-03,"pct wk rsv lab det","0.9",2.496007700077,"quantile"
"ca",1,2025-04-26,2025-05-03,"pct wk rsv lab det","0.975",3.27208350583506,"quantile"
"ca",2,2025-04-26,2025-05-10,"pct wk rsv lab det","0.025",0,"quantile"
"ca",2,2025-04-26,2025-05-10,"pct wk rsv lab det","0.1",0.087369063690637,"quantile"
"ca",2,2025-04-26,2025-05-10,"pct wk rsv lab det","0.25",0.780821333213332,"quantile"
"ca",2,2025-04-26,2025-05-10,"pct wk rsv lab det","0.5",1.41,"quantile"
"ca",2,2025-04-26,2025-05-10,"pct wk rsv lab det","0.75",2.04522585225852,"quantile"
"ca",2,2025-04-26,2025-05-10,"pct wk rsv lab det","0.9",2.75839102391024,"quantile"
"ca",2,2025-04-26,2025-05-10,"pct wk rsv lab det","0.975",3.61856743817438,"quantile"
"ca",3,2025-04-26,2025-05-17,"pct wk rsv lab det","0.025",0,"quantile"
"ca",3,2025-04-26,2025-05-17,"pct wk rsv lab det","0.1",0,"quantile"
"ca",3,2025-04-26,2025-05-17,"pct wk rsv lab det","0.25",0.654738772387723,"quantile"
"ca",3,2025-04-26,2025-05-17,"pct wk rsv lab det","0.5",1.41,"quantile"
"ca",3,2025-04-26,2025-05-17,"pct wk rsv lab det","0.75",2.17124336243362,"quantile"
"ca",3,2025-04-26,2025-05-17,"pct wk rsv lab det","0.9",2.96828632286323,"quantile"
"ca",3,2025-04-26,2025-05-17,"pct wk rsv lab det","0.975",3.91376744267442,"quantile"
"mb",0,2025-04-26,2025-04-26,"pct wk rsv lab det","0.025",0,"quantile"
"mb",0,2025-04-26,2025-04-26,"pct wk rsv lab det","0.1",0,"quantile"
"mb",0,2025-04-26,2025-04-26,"pct wk rsv lab det","0.25",0.27,"quantile"
"mb",0,2025-04-26,2025-04-26,"pct wk rsv lab det","0.5",0.57,"quantile"
"mb",0,2025-04-26,2025-04-26,"pct wk rsv lab det","0.75",0.87,"quantile"
"mb",0,2025-04-26,2025-04-26,"pct wk rsv lab det","0.9",1.751,"quantile"
"mb",0,2025-04-26,2025-04-26,"pct wk rsv lab det","0.975",3.1455,"quantile"
"mb",1,2025-04-26,2025-05-03,"pct wk rsv lab det","0.025",0,"quantile"
"mb",1,2025-04-26,2025-05-03,"pct wk rsv lab det","0.1",0,"quantile"
"mb",1,2025-04-26,2025-05-03,"pct wk rsv lab det","0.25",0.05,"quantile"
"mb",1,2025-04-26,2025-05-03,"pct wk rsv lab det","0.5",0.57,"quantile"
"mb",1,2025-04-26,2025-05-03,"pct wk rsv lab det","0.75",1.28,"quantile"
"mb",1,2025-04-26,2025-05-03,"pct wk rsv lab det","0.9",2.45036102361024,"quantile"
"mb",1,2025-04-26,2025-05-03,"pct wk rsv lab det","0.975",4.61911758867587,"quantile"
"mb",2,2025-04-26,2025-05-10,"pct wk rsv lab det","0.025",0,"quantile"
"mb",2,2025-04-26,2025-05-10,"pct wk rsv lab det","0.1",0,"quantile"
"mb",2,2025-04-26,2025-05-10,"pct wk rsv lab det","0.25",0,"quantile"
"mb",2,2025-04-26,2025-05-10,"pct wk rsv lab det","0.5",0.57,"quantile"
"mb",2,2025-04-26,2025-05-10,"pct wk rsv lab det","0.75",1.58358501085011,"quantile"
"mb",2,2025-04-26,2025-05-10,"pct wk rsv lab det","0.9",2.93641406414064,"quantile"
"mb",2,2025-04-26,2025-05-10,"pct wk rsv lab det","0.975",5.60169708197079,"quantile"
"mb",3,2025-04-26,2025-05-17,"pct wk rsv lab det","0.025",0,"quantile"
"mb",3,2025-04-26,2025-05-17,"pct wk rsv lab det","0.1",0,"quantile"
"mb",3,2025-04-26,2025-05-17,"pct wk rsv lab det","0.25",0,"quantile"
"mb",3,2025-04-26,2025-05-17,"pct wk rsv lab det","0.5",0.57,"quantile"
"mb",3,2025-04-26,2025-05-17,"pct wk rsv lab det","0.75",1.82108603586035,"quantile"
"mb",3,2025-04-26,2025-05-17,"pct wk rsv lab det","0.9",3.41654965549656,"quantile"
"mb",3,2025-04-26,2025-05-17,"pct wk rsv lab det","0.975",6.61883444834447,"quantile"
"nb",0,2025-04-26,2025-04-26,"pct wk rsv lab det","0.025",0,"quantile"
"nb",0,2025-04-26,2025-04-26,"pct wk rsv lab det","0.1",0.403,"quantile"
"nb",0,2025-04-26,2025-04-26,"pct wk rsv lab det","0.25",1.72,"quantile"
"nb",0,2025-04-26,2025-04-26,"pct wk rsv lab det","0.5",2.17,"quantile"
"nb",0,2025-04-26,2025-04-26,"pct wk rsv lab det","0.75",2.62,"quantile"
"nb",0,2025-04-26,2025-04-26,"pct wk rsv lab det","0.9",3.937,"quantile"
"nb",0,2025-04-26,2025-04-26,"pct wk rsv lab det","0.975",5.727,"quantile"
"nb",1,2025-04-26,2025-05-03,"pct wk rsv lab det","0.025",0,"quantile"
"nb",1,2025-04-26,2025-05-03,"pct wk rsv lab det","0.1",0,"quantile"
"nb",1,2025-04-26,2025-05-03,"pct wk rsv lab det","0.25",1.18741367413674,"quantile"
"nb",1,2025-04-26,2025-05-03,"pct wk rsv lab det","0.5",2.17,"quantile"
"nb",1,2025-04-26,2025-05-03,"pct wk rsv lab det","0.75",3.21280832808328,"quantile"
"nb",1,2025-04-26,2025-05-03,"pct wk rsv lab det","0.9",4.9,"quantile"
"nb",1,2025-04-26,2025-05-03,"pct wk rsv lab det","0.975",8.48422895228951,"quantile"
"nb",2,2025-04-26,2025-05-10,"pct wk rsv lab det","0.025",0,"quantile"
"nb",2,2025-04-26,2025-05-10,"pct wk rsv lab det","0.1",0,"quantile"
"nb",2,2025-04-26,2025-05-10,"pct wk rsv lab det","0.25",0.758836038360383,"quantile"
"nb",2,2025-04-26,2025-05-10,"pct wk rsv lab det","0.5",2.17,"quantile"
"nb",2,2025-04-26,2025-05-10,"pct wk rsv lab det","0.75",3.69063388133881,"quantile"
"nb",2,2025-04-26,2025-05-10,"pct wk rsv lab det","0.9",5.62445984459845,"quantile"
"nb",2,2025-04-26,2025-05-10,"pct wk rsv lab det","0.975",9.83851493264932,"quantile"
"nb",3,2025-04-26,2025-05-17,"pct wk rsv lab det","0.025",0,"quantile"
"nb",3,2025-04-26,2025-05-17,"pct wk rsv lab det","0.1",0,"quantile"
"nb",3,2025-04-26,2025-05-17,"pct wk rsv lab det","0.25",0.418523260232603,"quantile"
"nb",3,2025-04-26,2025-05-17,"pct wk rsv lab det","0.5",2.17,"quantile"
"nb",3,2025-04-26,2025-05-17,"pct wk rsv lab det","0.75",4.07912106621066,"quantile"
"nb",3,2025-04-26,2025-05-17,"pct wk rsv lab det","0.9",6.41679720797208,"quantile"
"nb",3,2025-04-26,2025-05-17,"pct wk rsv lab det","0.975",10.4890173076731,"quantile"
"nl",0,2025-04-26,2025-04-26,"pct wk rsv lab det","0.025",0.96675,"quantile"
"nl",0,2025-04-26,2025-04-26,"pct wk rsv lab det","0.1",2.893,"quantile"
"nl",0,2025-04-26,2025-04-26,"pct wk rsv lab det","0.25",4.5525,"quantile"
"nl",0,2025-04-26,2025-04-26,"pct wk rsv lab det","0.5",5.14,"quantile"
"nl",0,2025-04-26,2025-04-26,"pct wk rsv lab det","0.75",5.7275,"quantile"
"nl",0,2025-04-26,2025-04-26,"pct wk rsv lab det","0.9",7.387,"quantile"
"nl",0,2025-04-26,2025-04-26,"pct wk rsv lab det","0.975",9.31324999999999,"quantile"
"nl",1,2025-04-26,2025-05-03,"pct wk rsv lab det","0.025",0,"quantile"
"nl",1,2025-04-26,2025-05-03,"pct wk rsv lab det","0.1",1.82416829168292,"quantile"
"nl",1,2025-04-26,2025-05-03,"pct wk rsv lab det","0.25",3.82991617416174,"quantile"
"nl",1,2025-04-26,2025-05-03,"pct wk rsv lab det","0.5",5.14,"quantile"
"nl",1,2025-04-26,2025-05-03,"pct wk rsv lab det","0.75",6.45245059950599,"quantile"
"nl",1,2025-04-26,2025-05-03,"pct wk rsv lab det","0.9",8.49544370443704,"quantile"
"nl",1,2025-04-26,2025-05-03,"pct wk rsv lab det","0.975",12.199191401914,"quantile"
"nl",2,2025-04-26,2025-05-10,"pct wk rsv lab det","0.025",0,"quantile"
"nl",2,2025-04-26,2025-05-10,"pct wk rsv lab det","0.1",0.984732787327872,"quantile"
"nl",2,2025-04-26,2025-05-10,"pct wk rsv lab det","0.25",3.22558783087831,"quantile"
"nl",2,2025-04-26,2025-05-10,"pct wk rsv lab det","0.5",5.14,"quantile"
"nl",2,2025-04-26,2025-05-10,"pct wk rsv lab det","0.75",7.05768785187852,"quantile"
"nl",2,2025-04-26,2025-05-10,"pct wk rsv lab det","0.9",9.42878156781568,"quantile"
"nl",2,2025-04-26,2025-05-10,"pct wk rsv lab det","0.975",13.4044766522665,"quantile"
"nl",3,2025-04-26,2025-05-17,"pct wk rsv lab det","0.025",0,"quantile"
"nl",3,2025-04-26,2025-05-17,"pct wk rsv lab det","0.1",0.140337983379835,"quantile"
"nl",3,2025-04-26,2025-05-17,"pct wk rsv lab det","0.25",2.79558355583556,"quantile"
"nl",3,2025-04-26,2025-05-17,"pct wk rsv lab det","0.5",5.14,"quantile"
"nl",3,2025-04-26,2025-05-17,"pct wk rsv lab det","0.75",7.52794625446254,"quantile"
"nl",3,2025-04-26,2025-05-17,"pct wk rsv lab det","0.9",10.3589749197492,"quantile"
"nl",3,2025-04-26,2025-05-17,"pct wk rsv lab det","0.975",14.5122120121201,"quantile"
"ns",0,2025-04-26,2025-04-26,"pct wk rsv lab det","0.025",0,"quantile"
"ns",0,2025-04-26,2025-04-26,"pct wk rsv lab det","0.1",1.412,"quantile"
"ns",0,2025-04-26,2025-04-26,"pct wk rsv lab det","0.25",2.3975,"quantile"
"ns",0,2025-04-26,2025-04-26,"pct wk rsv lab det","0.5",2.66,"quantile"
"ns",0,2025-04-26,2025-04-26,"pct wk rsv lab det","0.75",2.9225,"quantile"
"ns",0,2025-04-26,2025-04-26,"pct wk rsv lab det","0.9",3.908,"quantile"
"ns",0,2025-04-26,2025-04-26,"pct wk rsv lab det","0.975",6.25225,"quantile"
"ns",1,2025-04-26,2025-05-03,"pct wk rsv lab det","0.025",0,"quantile"
"ns",1,2025-04-26,2025-05-03,"pct wk rsv lab det","0.1",0.355106051060511,"quantile"
"ns",1,2025-04-26,2025-05-03,"pct wk rsv lab det","0.25",1.93186909369094,"quantile"
"ns",1,2025-04-26,2025-05-03,"pct wk rsv lab det","0.5",2.66,"quantile"
"ns",1,2025-04-26,2025-05-03,"pct wk rsv lab det","0.75",3.41414514145142,"quantile"
"ns",1,2025-04-26,2025-05-03,"pct wk rsv lab det","0.9",5.05876437764377,"quantile"
"ns",1,2025-04-26,2025-05-03,"pct wk rsv lab det","0.975",7.24932211322113,"quantile"
"ns",2,2025-04-26,2025-05-10,"pct wk rsv lab det","0.025",0,"quantile"
"ns",2,2025-04-26,2025-05-10,"pct wk rsv lab det","0.1",0,"quantile"
"ns",2,2025-04-26,2025-05-10,"pct wk rsv lab det","0.25",1.5259876098761,"quantile"
"ns",2,2025-04-26,2025-05-10,"pct wk rsv lab det","0.5",2.66,"quantile"
"ns",2,2025-04-26,2025-05-10,"pct wk rsv lab det","0.75",3.8215008400084,"quantile"
"ns",2,2025-04-26,2025-05-10,"pct wk rsv lab det","0.9",5.67390615906159,"quantile"
"ns",2,2025-04-26,2025-05-10,"pct wk rsv lab det","0.975",8.22977710527104,"quantile"
"ns",3,2025-04-26,2025-05-17,"pct wk rsv lab det","0.025",0,"quantile"
"ns",3,2025-04-26,2025-05-17,"pct wk rsv lab det","0.1",0,"quantile"
"ns",3,2025-04-26,2025-05-17,"pct wk rsv lab det","0.25",1.19247682476825,"quantile"
"ns",3,2025-04-26,2025-05-17,"pct wk rsv lab det","0.5",2.66,"quantile"
"ns",3,2025-04-26,2025-05-17,"pct wk rsv lab det","0.75",4.19496782467825,"quantile"
"ns",3,2025-04-26,2025-05-17,"pct wk rsv lab det","0.9",6.2300080700807,"quantile"
"ns",3,2025-04-26,2025-05-17,"pct wk rsv lab det","0.975",8.90212546875468,"quantile"
"nt",0,2025-04-26,2025-04-26,"pct wk rsv lab det","0.025",0,"quantile"
"nt",0,2025-04-26,2025-04-26,"pct wk rsv lab det","0.1",0,"quantile"
"nt",0,2025-04-26,2025-04-26,"pct wk rsv lab det","0.25",2.27,"quantile"
"nt",0,2025-04-26,2025-04-26,"pct wk rsv lab det","0.5",2.27,"quantile"
"nt",0,2025-04-26,2025-04-26,"pct wk rsv lab det","0.75",2.27,"quantile"
"nt",0,2025-04-26,2025-04-26,"pct wk rsv lab det","0.9",6.82,"quantile"
"nt",0,2025-04-26,2025-04-26,"pct wk rsv lab det","0.975",16.1449999999999,"quantile"
"nt",1,2025-04-26,2025-05-03,"pct wk rsv lab det","0.025",0,"quantile"
"nt",1,2025-04-26,2025-05-03,"pct wk rsv lab det","0.1",0,"quantile"
"nt",1,2025-04-26,2025-05-03,"pct wk rsv lab det","0.25",0.955094950949509,"quantile"
"nt",1,2025-04-26,2025-05-03,"pct wk rsv lab det","0.5",2.27,"quantile"
"nt",1,2025-04-26,2025-05-03,"pct wk rsv lab det","0.75",4.22352803528035,"quantile"
"nt",1,2025-04-26,2025-05-03,"pct wk rsv lab det","0.9",10.499099900999,"quantile"
"nt",1,2025-04-26,2025-05-03,"pct wk rsv lab det","0.975",22.9925263252632,"quantile"
"nt",2,2025-04-26,2025-05-10,"pct wk rsv lab det","0.025",0,"quantile"
"nt",2,2025-04-26,2025-05-10,"pct wk rsv lab det","0.1",0,"quantile"
"nt",2,2025-04-26,2025-05-10,"pct wk rsv lab det","0.25",0,"quantile"
"nt",2,2025-04-26,2025-05-10,"pct wk rsv lab det","0.5",2.27,"quantile"
"nt",2,2025-04-26,2025-05-10,"pct wk rsv lab det","0.75",6.37336130861309,"quantile"
"nt",2,2025-04-26,2025-05-10,"pct wk rsv lab det","0.9",13.2689148591486,"quantile"
"nt",2,2025-04-26,2025-05-10,"pct wk rsv lab det","0.975",25.8412362073621,"quantile"
"nt",3,2025-04-26,2025-05-17,"pct wk rsv lab det","0.025",0,"quantile"
"nt",3,2025-04-26,2025-05-17,"pct wk rsv lab det","0.1",0,"quantile"
"nt",3,2025-04-26,2025-05-17,"pct wk rsv lab det","0.25",0,"quantile"
"nt",3,2025-04-26,2025-05-17,"pct wk rsv lab det","0.5",2.27,"quantile"
"nt",3,2025-04-26,2025-05-17,"pct wk rsv lab det","0.75",7.83,"quantile"
"nt",3,2025-04-26,2025-05-17,"pct wk rsv lab det","0.9",15.9367296372964,"quantile"
"nt",3,2025-04-26,2025-05-17,"pct wk rsv lab det","0.975",27.2086031635316,"quantile"
"nu",0,2025-04-26,2025-04-26,"pct wk rsv lab det","0.025",0,"quantile"
"nu",0,2025-04-26,2025-04-26,"pct wk rsv lab det","0.1",3.575,"quantile"
"nu",0,2025-04-26,2025-04-26,"pct wk rsv lab det","0.25",6.6175,"quantile"
"nu",0,2025-04-26,2025-04-26,"pct wk rsv lab det","0.5",6.9,"quantile"
"nu",0,2025-04-26,2025-04-26,"pct wk rsv lab det","0.75",7.1825,"quantile"
"nu",0,2025-04-26,2025-04-26,"pct wk rsv lab det","0.9",10.225,"quantile"
"nu",0,2025-04-26,2025-04-26,"pct wk rsv lab det","0.975",17.77525,"quantile"
"nu",1,2025-04-26,2025-05-03,"pct wk rsv lab det","0.025",0,"quantile"
"nu",1,2025-04-26,2025-05-03,"pct wk rsv lab det","0.1",0.72408564085641,"quantile"
"nu",1,2025-04-26,2025-05-03,"pct wk rsv lab det","0.25",5.0809633096331,"quantile"
"nu",1,2025-04-26,2025-05-03,"pct wk rsv lab det","0.5",6.9,"quantile"
"nu",1,2025-04-26,2025-05-03,"pct wk rsv lab det","0.75",8.72,"quantile"
"nu",1,2025-04-26,2025-05-03,"pct wk rsv lab det","0.9",13.3879429394294,"quantile"
"nu",1,2025-04-26,2025-05-03,"pct wk rsv lab det","0.975",19.6769521270212,"quantile"
"nu",2,2025-04-26,2025-05-10,"pct wk rsv lab det","0.025",0,"quantile"
"nu",2,2025-04-26,2025-05-10,"pct wk rsv lab det","0.1",0,"quantile"
"nu",2,2025-04-26,2025-05-10,"pct wk rsv lab det","0.25",3.95316523165232,"quantile"
"nu",2,2025-04-26,2025-05-10,"pct wk rsv lab det","0.5",6.9,"quantile"
"nu",2,2025-04-26,2025-05-10,"pct wk rsv lab det","0.75",9.94744982449825,"quantile"
"nu",2,2025-04-26,2025-05-10,"pct wk rsv lab det","0.9",15.3909456594566,"quantile"
"nu",2,2025-04-26,2025-05-10,"pct wk rsv lab det","0.975",22.3582545950459,"quantile"
"nu",3,2025-04-26,2025-05-17,"pct wk rsv lab det","0.025",0,"quantile"
"nu",3,2025-04-26,2025-05-17,"pct wk rsv lab det","0.1",0,"quantile"
"nu",3,2025-04-26,2025-05-17,"pct wk rsv lab det","0.25",3.10573203232032,"quantile"
"nu",3,2025-04-26,2025-05-17,"pct wk rsv lab det","0.5",6.9,"quantile"
"nu",3,2025-04-26,2025-05-17,"pct wk rsv lab det","0.75",10.8614344143441,"quantile"
"nu",3,2025-04-26,2025-05-17,"pct wk rsv lab det","0.9",17.0565456454565,"quantile"
"nu",3,2025-04-26,2025-05-17,"pct wk rsv lab det","0.975",25.4233528885289,"quantile"
"on",0,2025-04-26,2025-04-26,"pct wk rsv lab det","0.025",0,"quantile"
"on",0,2025-04-26,2025-04-26,"pct wk rsv lab det","0.1",0.353,"quantile"
"on",0,2025-04-26,2025-04-26,"pct wk rsv lab det","0.25",0.89,"quantile"
"on",0,2025-04-26,2025-04-26,"pct wk rsv lab det","0.5",1.13,"quantile"
"on",0,2025-04-26,2025-04-26,"pct wk rsv lab det","0.75",1.37,"quantile"
"on",0,2025-04-26,2025-04-26,"pct wk rsv lab det","0.9",1.907,"quantile"
"on",0,2025-04-26,2025-04-26,"pct wk rsv lab det","0.975",2.82475,"quantile"
"on",1,2025-04-26,2025-05-03,"pct wk rsv lab det","0.025",0,"quantile"
"on",1,2025-04-26,2025-05-03,"pct wk rsv lab det","0.1",0.0096956969569699,"quantile"
"on",1,2025-04-26,2025-05-03,"pct wk rsv lab det","0.25",0.63,"quantile"
"on",1,2025-04-26,2025-05-03,"pct wk rsv lab det","0.5",1.13,"quantile"
"on",1,2025-04-26,2025-05-03,"pct wk rsv lab det","0.75",1.63321758217582,"quantile"
"on",1,2025-04-26,2025-05-03,"pct wk rsv lab det","0.9",2.37446023460235,"quantile"
"on",1,2025-04-26,2025-05-03,"pct wk rsv lab det","0.975",3.6142863203632,"quantile"
"on",2,2025-04-26,2025-05-10,"pct wk rsv lab det","0.025",0,"quantile"
"on",2,2025-04-26,2025-05-10,"pct wk rsv lab det","0.1",0,"quantile"
"on",2,2025-04-26,2025-05-10,"pct wk rsv lab det","0.25",0.448946789467894,"quantile"
"on",2,2025-04-26,2025-05-10,"pct wk rsv lab det","0.5",1.13,"quantile"
"on",2,2025-04-26,2025-05-10,"pct wk rsv lab det","0.75",1.83559163091631,"quantile"
"on",2,2025-04-26,2025-05-10,"pct wk rsv lab det","0.9",2.71833347333473,"quantile"
"on",2,2025-04-26,2025-05-10,"pct wk rsv lab det","0.975",4.31634858598586,"quantile"
"on",3,2025-04-26,2025-05-17,"pct wk rsv lab det","0.025",0,"quantile"
"on",3,2025-04-26,2025-05-17,"pct wk rsv lab det","0.1",0,"quantile"
"on",3,2025-04-26,2025-05-17,"pct wk rsv lab det","0.25",0.286461189611896,"quantile"
"on",3,2025-04-26,2025-05-17,"pct wk rsv lab det","0.5",1.13,"quantile"
"on",3,2025-04-26,2025-05-17,"pct wk rsv lab det","0.75",1.99203069530696,"quantile"
"on",3,2025-04-26,2025-05-17,"pct wk rsv lab det","0.9",3.00290343903439,"quantile"
"on",3,2025-04-26,2025-05-17,"pct wk rsv lab det","0.975",4.69884049340494,"quantile"
"pe",0,2025-04-26,2025-04-26,"pct wk rsv lab det","0.025",0,"quantile"
"pe",0,2025-04-26,2025-04-26,"pct wk rsv lab det","0.1",0,"quantile"
"pe",0,2025-04-26,2025-04-26,"pct wk rsv lab det","0.25",1.465,"quantile"
"pe",0,2025-04-26,2025-04-26,"pct wk rsv lab det","0.5",1.97,"quantile"
"pe",0,2025-04-26,2025-04-26,"pct wk rsv lab det","0.75",2.475,"quantile"
"pe",0,2025-04-26,2025-04-26,"pct wk rsv lab det","0.9",5.824,"quantile"
"pe",0,2025-04-26,2025-04-26,"pct wk rsv lab det","0.975",9.91549999999999,"quantile"
"pe",1,2025-04-26,2025-05-03,"pct wk rsv lab det","0.025",0,"quantile"
"pe",1,2025-04-26,2025-05-03,"pct wk rsv lab det","0.1",0,"quantile"
"pe",1,2025-04-26,2025-05-03,"pct wk rsv lab det","0.25",0.122045920459205,"quantile"
"pe",1,2025-04-26,2025-05-03,"pct wk rsv lab det","0.5",1.97,"quantile"
"pe",1,2025-04-26,2025-05-03,"pct wk rsv lab det","0.75",4.39067650676507,"quantile"
"pe",1,2025-04-26,2025-05-03,"pct wk rsv lab det","0.9",7.71320213202132,"quantile"
"pe",1,2025-04-26,2025-05-03,"pct wk rsv lab det","0.975",16.050504100041,"quantile"
"pe",2,2025-04-26,2025-05-10,"pct wk rsv lab det","0.025",0,"quantile"
"pe",2,2025-04-26,2025-05-10,"pct wk rsv lab det","0.1",0,"quantile"
"pe",2,2025-04-26,2025-05-10,"pct wk rsv lab det","0.25",0,"quantile"
"pe",2,2025-04-26,2025-05-10,"pct wk rsv lab det","0.5",1.97,"quantile"
"pe",2,2025-04-26,2025-05-10,"pct wk rsv lab det","0.75",5.46281365313653,"quantile"
"pe",2,2025-04-26,2025-05-10,"pct wk rsv lab det","0.9",9.68344075440755,"quantile"
"pe",2,2025-04-26,2025-05-10,"pct wk rsv lab det","0.975",18.3207476424764,"quantile"
"pe",3,2025-04-26,2025-05-17,"pct wk rsv lab det","0.025",0,"quantile"
"pe",3,2025-04-26,2025-05-17,"pct wk rsv lab det","0.1",0,"quantile"
"pe",3,2025-04-26,2025-05-17,"pct wk rsv lab det","0.25",0,"quantile"
"pe",3,2025-04-26,2025-05-17,"pct wk rsv lab det","0.5",1.97,"quantile"
"pe",3,2025-04-26,2025-05-17,"pct wk rsv lab det","0.75",6.23006457564576,"quantile"
"pe",3,2025-04-26,2025-05-17,"pct wk rsv lab det","0.9",11.3577252972529,"quantile"
"pe",3,2025-04-26,2025-05-17,"pct wk rsv lab det","0.975",20.2617312423124,"quantile"
"prairies",0,2025-04-26,2025-04-26,"pct wk rsv lab det","0.025",0,"quantile"
"prairies",0,2025-04-26,2025-04-26,"pct wk rsv lab det","0.1",0,"quantile"
"prairies",0,2025-04-26,2025-04-26,"pct wk rsv lab det","0.25",0.66,"quantile"
"prairies",0,2025-04-26,2025-04-26,"pct wk rsv lab det","0.5",0.86,"quantile"
"prairies",0,2025-04-26,2025-04-26,"pct wk rsv lab det","0.75",1.06,"quantile"
"prairies",0,2025-04-26,2025-04-26,"pct wk rsv lab det","0.9",1.834,"quantile"
"prairies",0,2025-04-26,2025-04-26,"pct wk rsv lab det","0.975",2.69475,"quantile"
"prairies",1,2025-04-26,2025-05-03,"pct wk rsv lab det","0.025",0,"quantile"
"prairies",1,2025-04-26,2025-05-03,"pct wk rsv lab det","0.1",0,"quantile"
"prairies",1,2025-04-26,2025-05-03,"pct wk rsv lab det","0.25",0.328177381773818,"quantile"
"prairies",1,2025-04-26,2025-05-03,"pct wk rsv lab det","0.5",0.86,"quantile"
"prairies",1,2025-04-26,2025-05-03,"pct wk rsv lab det","0.75",1.44987894878949,"quantile"
"prairies",1,2025-04-26,2025-05-03,"pct wk rsv lab det","0.9",2.25357777577776,"quantile"
"prairies",1,2025-04-26,2025-05-03,"pct wk rsv lab det","0.975",3.28791273662737,"quantile"
"prairies",2,2025-04-26,2025-05-10,"pct wk rsv lab det","0.025",0,"quantile"
"prairies",2,2025-04-26,2025-05-10,"pct wk rsv lab det","0.1",0,"quantile"
"prairies",2,2025-04-26,2025-05-10,"pct wk rsv lab det","0.25",0.117715577155773,"quantile"
"prairies",2,2025-04-26,2025-05-10,"pct wk rsv lab det","0.5",0.86,"quantile"
"prairies",2,2025-04-26,2025-05-10,"pct wk rsv lab det","0.75",1.6665285902859,"quantile"
"prairies",2,2025-04-26,2025-05-10,"pct wk rsv lab det","0.9",2.56332415324153,"quantile"
"prairies",2,2025-04-26,2025-05-10,"pct wk rsv lab det","0.975",3.7407073495735,"quantile"
"prairies",3,2025-04-26,2025-05-17,"pct wk rsv lab det","0.025",0,"quantile"
"prairies",3,2025-04-26,2025-05-17,"pct wk rsv lab det","0.1",0,"quantile"
"prairies",3,2025-04-26,2025-05-17,"pct wk rsv lab det","0.25",0,"quantile"
"prairies",3,2025-04-26,2025-05-17,"pct wk rsv lab det","0.5",0.86,"quantile"
"prairies",3,2025-04-26,2025-05-17,"pct wk rsv lab det","0.75",1.82813235632357,"quantile"
"prairies",3,2025-04-26,2025-05-17,"pct wk rsv lab det","0.9",2.8319906699067,"quantile"
"prairies",3,2025-04-26,2025-05-17,"pct wk rsv lab det","0.975",4.12539420144201,"quantile"
"qc",0,2025-04-26,2025-04-26,"pct wk rsv lab det","0.025",0,"quantile"
"qc",0,2025-04-26,2025-04-26,"pct wk rsv lab det","0.1",0,"quantile"
"qc",0,2025-04-26,2025-04-26,"pct wk rsv lab det","0.25",0.6975,"quantile"
"qc",0,2025-04-26,2025-04-26,"pct wk rsv lab det","0.5",1.16,"quantile"
"qc",0,2025-04-26,2025-04-26,"pct wk rsv lab det","0.75",1.6225,"quantile"
"qc",0,2025-04-26,2025-04-26,"pct wk rsv lab det","0.9",2.451,"quantile"
"qc",0,2025-04-26,2025-04-26,"pct wk rsv lab det","0.975",4.56875,"quantile"
"qc",1,2025-04-26,2025-05-03,"pct wk rsv lab det","0.025",0,"quantile"
"qc",1,2025-04-26,2025-05-03,"pct wk rsv lab det","0.1",0,"quantile"
"qc",1,2025-04-26,2025-05-03,"pct wk rsv lab det","0.25",0.376274512745127,"quantile"
"qc",1,2025-04-26,2025-05-03,"pct wk rsv lab det","0.5",1.16,"quantile"
"qc",1,2025-04-26,2025-05-03,"pct wk rsv lab det","0.75",2.0464784897849,"quantile"
"qc",1,2025-04-26,2025-05-03,"pct wk rsv lab det","0.9",3.31471611716117,"quantile"
"qc",1,2025-04-26,2025-05-03,"pct wk rsv lab det","0.975",6.45528370533705,"quantile"
"qc",2,2025-04-26,2025-05-10,"pct wk rsv lab det","0.025",0,"quantile"
"qc",2,2025-04-26,2025-05-10,"pct wk rsv lab det","0.1",0,"quantile"
"qc",2,2025-04-26,2025-05-10,"pct wk rsv lab det","0.25",0.0814705897058975,"quantile"
"qc",2,2025-04-26,2025-05-10,"pct wk rsv lab det","0.5",1.16,"quantile"
"qc",2,2025-04-26,2025-05-10,"pct wk rsv lab det","0.75",2.35787455374554,"quantile"
"qc",2,2025-04-26,2025-05-10,"pct wk rsv lab det","0.9",4.01659123591236,"quantile"
"qc",2,2025-04-26,2025-05-10,"pct wk rsv lab det","0.975",8.93079359543603,"quantile"
"qc",3,2025-04-26,2025-05-17,"pct wk rsv lab det","0.025",0,"quantile"
"qc",3,2025-04-26,2025-05-17,"pct wk rsv lab det","0.1",0,"quantile"
"qc",3,2025-04-26,2025-05-17,"pct wk rsv lab det","0.25",0,"quantile"
"qc",3,2025-04-26,2025-05-17,"pct wk rsv lab det","0.5",1.16,"quantile"
"qc",3,2025-04-26,2025-05-17,"pct wk rsv lab det","0.75",2.65029825298253,"quantile"
"qc",3,2025-04-26,2025-05-17,"pct wk rsv lab det","0.9",4.66764043640437,"quantile"
"qc",3,2025-04-26,2025-05-17,"pct wk rsv lab det","0.975",9.90695614706147,"quantile"
"sk",0,2025-04-26,2025-04-26,"pct wk rsv lab det","0.025",0,"quantile"
"sk",0,2025-04-26,2025-04-26,"pct wk rsv lab det","0.1",0,"quantile"
"sk",0,2025-04-26,2025-04-26,"pct wk rsv lab det","0.25",0.58,"quantile"
"sk",0,2025-04-26,2025-04-26,"pct wk rsv lab det","0.5",0.91,"quantile"
"sk",0,2025-04-26,2025-04-26,"pct wk rsv lab det","0.75",1.24,"quantile"
"sk",0,2025-04-26,2025-04-26,"pct wk rsv lab det","0.9",2.156,"quantile"
"sk",0,2025-04-26,2025-04-26,"pct wk rsv lab det","0.975",4.337,"quantile"
"sk",1,2025-04-26,2025-05-03,"pct wk rsv lab det","0.025",0,"quantile"
"sk",1,2025-04-26,2025-05-03,"pct wk rsv lab det","0.1",0,"quantile"
"sk",1,2025-04-26,2025-05-03,"pct wk rsv lab det","0.25",0.302870403704037,"quantile"
"sk",1,2025-04-26,2025-05-03,"pct wk rsv lab det","0.5",0.91,"quantile"
"sk",1,2025-04-26,2025-05-03,"pct wk rsv lab det","0.75",1.64855118551186,"quantile"
"sk",1,2025-04-26,2025-05-03,"pct wk rsv lab det","0.9",3.03842210422104,"quantile"
"sk",1,2025-04-26,2025-05-03,"pct wk rsv lab det","0.975",5.45685624856248,"quantile"
"sk",2,2025-04-26,2025-05-10,"pct wk rsv lab det","0.025",0,"quantile"
"sk",2,2025-04-26,2025-05-10,"pct wk rsv lab det","0.1",0,"quantile"
"sk",2,2025-04-26,2025-05-10,"pct wk rsv lab det","0.25",0.000376053760537714,"quantile"
"sk",2,2025-04-26,2025-05-10,"pct wk rsv lab det","0.5",0.91,"quantile"
"sk",2,2025-04-26,2025-05-10,"pct wk rsv lab det","0.75",2.05858863588636,"quantile"
"sk",2,2025-04-26,2025-05-10,"pct wk rsv lab det","0.9",3.85049481494816,"quantile"
"sk",2,2025-04-26,2025-05-10,"pct wk rsv lab det","0.975",6.76488283632837,"quantile"
"sk",3,2025-04-26,2025-05-17,"pct wk rsv lab det","0.025",0,"quantile"
"sk",3,2025-04-26,2025-05-17,"pct wk rsv lab det","0.1",0,"quantile"
"sk",3,2025-04-26,2025-05-17,"pct wk rsv lab det","0.25",0,"quantile"
"sk",3,2025-04-26,2025-05-17,"pct wk rsv lab det","0.5",0.91,"quantile"
"sk",3,2025-04-26,2025-05-17,"pct wk rsv lab det","0.75",2.34738849888499,"quantile"
"sk",3,2025-04-26,2025-05-17,"pct wk rsv lab det","0.9",4.31509313093131,"quantile"
"sk",3,2025-04-26,2025-05-17,"pct wk rsv lab det","0.975",7.70005184051841,"quantile"
"territories",0,2025-04-26,2025-04-26,"pct wk rsv lab det","0.025",0,"quantile"
"territories",0,2025-04-26,2025-04-26,"pct wk rsv lab det","0.1",2.791,"quantile"
"territories",0,2025-04-26,2025-04-26,"pct wk rsv lab det","0.25",5.4175,"quantile"
"territories",0,2025-04-26,2025-04-26,"pct wk rsv lab det","0.5",6,"quantile"
"territories",0,2025-04-26,2025-04-26,"pct wk rsv lab det","0.75",6.5825,"quantile"
"territories",0,2025-04-26,2025-04-26,"pct wk rsv lab det","0.9",9.20900000000001,"quantile"
"territories",0,2025-04-26,2025-04-26,"pct wk rsv lab det","0.975",12.88625,"quantile"
"territories",1,2025-04-26,2025-05-03,"pct wk rsv lab det","0.025",0,"quantile"
"territories",1,2025-04-26,2025-05-03,"pct wk rsv lab det","0.1",1.1570465904659,"quantile"
"territories",1,2025-04-26,2025-05-03,"pct wk rsv lab det","0.25",4.39675561755618,"quantile"
"territories",1,2025-04-26,2025-05-03,"pct wk rsv lab det","0.5",6,"quantile"
"territories",1,2025-04-26,2025-05-03,"pct wk rsv lab det","0.75",7.64571595715957,"quantile"
"territories",1,2025-04-26,2025-05-03,"pct wk rsv lab det","0.9",10.9718105281053,"quantile"
"territories",1,2025-04-26,2025-05-03,"pct wk rsv lab det","0.975",15.3984208667087,"quantile"
"territories",2,2025-04-26,2025-05-10,"pct wk rsv lab det","0.025",0,"quantile"
"territories",2,2025-04-26,2025-05-10,"pct wk rsv lab det","0.1",0,"quantile"
"territories",2,2025-04-26,2025-05-10,"pct wk rsv lab det","0.25",3.42682061820618,"quantile"
"territories",2,2025-04-26,2025-05-10,"pct wk rsv lab det","0.5",6,"quantile"
"territories",2,2025-04-26,2025-05-10,"pct wk rsv lab det","0.75",8.65334073340733,"quantile"
"territories",2,2025-04-26,2025-05-10,"pct wk rsv lab det","0.9",12.3548809088091,"quantile"
"territories",2,2025-04-26,2025-05-10,"pct wk rsv lab det","0.975",17.6199012390124,"quantile"
"territories",3,2025-04-26,2025-05-17,"pct wk rsv lab det","0.025",0,"quantile"
"territories",3,2025-04-26,2025-05-17,"pct wk rsv lab det","0.1",0,"quantile"
"territories",3,2025-04-26,2025-05-17,"pct wk rsv lab det","0.25",2.72787327873279,"quantile"
"territories",3,2025-04-26,2025-05-17,"pct wk rsv lab det","0.5",6,"quantile"
"territories",3,2025-04-26,2025-05-17,"pct wk rsv lab det","0.75",9.3684952099521,"quantile"
"territories",3,2025-04-26,2025-05-17,"pct wk rsv lab det","0.9",13.3928291682917,"quantile"
"territories",3,2025-04-26,2025-05-17,"pct wk rsv lab det","0.975",18.9064198691987,"quantile"
"yk",0,2025-04-26,2025-04-26,"pct wk rsv lab det","0.025",0,"quantile"
"yk",0,2025-04-26,2025-04-26,"pct wk rsv lab det","0.1",5.562,"quantile"
"yk",0,2025-04-26,2025-04-26,"pct wk rsv lab det","0.25",9.09,"quantile"
"yk",0,2025-04-26,2025-04-26,"pct wk rsv lab det","0.5",9.09,"quantile"
"yk",0,2025-04-26,2025-04-26,"pct wk rsv lab det","0.75",9.09,"quantile"
"yk",0,2025-04-26,2025-04-26,"pct wk rsv lab det","0.9",12.618,"quantile"
"yk",0,2025-04-26,2025-04-26,"pct wk rsv lab det","0.975",21.4085,"quantile"
"yk",1,2025-04-26,2025-05-03,"pct wk rsv lab det","0.025",0,"quantile"
"yk",1,2025-04-26,2025-05-03,"pct wk rsv lab det","0.1",2.56395332953329,"quantile"
"yk",1,2025-04-26,2025-05-03,"pct wk rsv lab det","0.25",7.83690936909369,"quantile"
"yk",1,2025-04-26,2025-05-03,"pct wk rsv lab det","0.5",9.09,"quantile"
"yk",1,2025-04-26,2025-05-03,"pct wk rsv lab det","0.75",10.3468389183892,"quantile"
"yk",1,2025-04-26,2025-05-03,"pct wk rsv lab det","0.9",15.76,"quantile"
"yk",1,2025-04-26,2025-05-03,"pct wk rsv lab det","0.975",25.76,"quantile"
"yk",2,2025-04-26,2025-05-10,"pct wk rsv lab det","0.025",0,"quantile"
"yk",2,2025-04-26,2025-05-10,"pct wk rsv lab det","0.1",0.260301173011715,"quantile"
"yk",2,2025-04-26,2025-05-10,"pct wk rsv lab det","0.25",6.29815078150781,"quantile"
"yk",2,2025-04-26,2025-05-10,"pct wk rsv lab det","0.5",9.09,"quantile"
"yk",2,2025-04-26,2025-05-10,"pct wk rsv lab det","0.75",11.9759127591276,"quantile"
"yk",2,2025-04-26,2025-05-10,"pct wk rsv lab det","0.9",18.4098940689407,"quantile"
"yk",2,2025-04-26,2025-05-10,"pct wk rsv lab det","0.975",28.9851696516964,"quantile"
"yk",3,2025-04-26,2025-05-17,"pct wk rsv lab det","0.025",0,"quantile"
"yk",3,2025-04-26,2025-05-17,"pct wk rsv lab det","0.1",0,"quantile"
"yk",3,2025-04-26,2025-05-17,"pct wk rsv lab det","0.25",5.2175404504045,"quantile"
"yk",3,2025-04-26,2025-05-17,"pct wk rsv lab det","0.5",9.09,"quantile"
"yk",3,2025-04-26,2025-05-17,"pct wk rsv lab det","0.75",13.0991282662827,"quantile"
"yk",3,2025-04-26,2025-05-17,"pct wk rsv lab det","0.9",20.4854783547835,"quantile"
"yk",3,2025-04-26,2025-05-17,"pct wk rsv lab det","0.975",34.536533547834,"quantile"
"ab",0,2025-04-26,2025-04-26,"pct wk flu lab det","0.025",4.80375,"quantile"
"ab",0,2025-04-26,2025-04-26,"pct wk flu lab det","0.1",8.69,"quantile"
"ab",0,2025-04-26,2025-04-26,"pct wk flu lab det","0.25",9.82,"quantile"
"ab",0,2025-04-26,2025-04-26,"pct wk flu lab det","0.5",10.13,"quantile"
"ab",0,2025-04-26,2025-04-26,"pct wk flu lab det","0.75",10.44,"quantile"
"ab",0,2025-04-26,2025-04-26,"pct wk flu lab det","0.9",11.57,"quantile"
"ab",0,2025-04-26,2025-04-26,"pct wk flu lab det","0.975",15.45625,"quantile"
"ab",1,2025-04-26,2025-05-03,"pct wk flu lab det","0.025",2.71587508875089,"quantile"
"ab",1,2025-04-26,2025-05-03,"pct wk flu lab det","0.1",7.08447816478165,"quantile"
"ab",1,2025-04-26,2025-05-03,"pct wk flu lab det","0.25",9.27307313073131,"quantile"
"ab",1,2025-04-26,2025-05-03,"pct wk flu lab det","0.5",10.13,"quantile"
"ab",1,2025-04-26,2025-05-03,"pct wk flu lab det","0.75",10.9894648946489,"quantile"
"ab",1,2025-04-26,2025-05-03,"pct wk flu lab det","0.9",13.1987437874379,"quantile"
"ab",1,2025-04-26,2025-05-03,"pct wk flu lab det","0.975",17.6383812838128,"quantile"
"ab",2,2025-04-26,2025-05-10,"pct wk flu lab det","0.025",0.265058233082334,"quantile"
"ab",2,2025-04-26,2025-05-10,"pct wk flu lab det","0.1",5.93429350293503,"quantile"
"ab",2,2025-04-26,2025-05-10,"pct wk flu lab det","0.25",8.79739062390624,"quantile"
"ab",2,2025-04-26,2025-05-10,"pct wk flu lab det","0.5",10.13,"quantile"
"ab",2,2025-04-26,2025-05-10,"pct wk flu lab det","0.75",11.4775650256503,"quantile"
"ab",2,2025-04-26,2025-05-10,"pct wk flu lab det","0.9",14.3318727887279,"quantile"
"ab",2,2025-04-26,2025-05-10,"pct wk flu lab det","0.975",20.272712799628,"quantile"
"ab",3,2025-04-26,2025-05-17,"pct wk flu lab det","0.025",0,"quantile"
"ab",3,2025-04-26,2025-05-17,"pct wk flu lab det","0.1",5.04351223512235,"quantile"
"ab",3,2025-04-26,2025-05-17,"pct wk flu lab det","0.25",8.35413164131641,"quantile"
"ab",3,2025-04-26,2025-05-17,"pct wk flu lab det","0.5",10.13,"quantile"
"ab",3,2025-04-26,2025-05-17,"pct wk flu lab det","0.75",11.9119758947589,"quantile"
"ab",3,2025-04-26,2025-05-17,"pct wk flu lab det","0.9",15.2597059570596,"quantile"
"ab",3,2025-04-26,2025-05-17,"pct wk flu lab det","0.975",21.5551019760197,"quantile"
"atlantic",0,2025-04-26,2025-04-26,"pct wk flu lab det","0.025",6.44475,"quantile"
"atlantic",0,2025-04-26,2025-04-26,"pct wk flu lab det","0.1",10.08,"quantile"
"atlantic",0,2025-04-26,2025-04-26,"pct wk flu lab det","0.25",11.3,"quantile"
"atlantic",0,2025-04-26,2025-04-26,"pct wk flu lab det","0.5",11.52,"quantile"
"atlantic",0,2025-04-26,2025-04-26,"pct wk flu lab det","0.75",11.74,"quantile"
"atlantic",0,2025-04-26,2025-04-26,"pct wk flu lab det","0.9",12.96,"quantile"
"atlantic",0,2025-04-26,2025-04-26,"pct wk flu lab det","0.975",16.59525,"quantile"
"atlantic",1,2025-04-26,2025-05-03,"pct wk flu lab det","0.025",4.70876740517405,"quantile"
"atlantic",1,2025-04-26,2025-05-03,"pct wk flu lab det","0.1",8.5460137601376,"quantile"
"atlantic",1,2025-04-26,2025-05-03,"pct wk flu lab det","0.25",10.7265915659157,"quantile"
"atlantic",1,2025-04-26,2025-05-03,"pct wk flu lab det","0.5",11.52,"quantile"
"atlantic",1,2025-04-26,2025-05-03,"pct wk flu lab det","0.75",12.3111144111441,"quantile"
"atlantic",1,2025-04-26,2025-05-03,"pct wk flu lab det","0.9",14.5068369883699,"quantile"
"atlantic",1,2025-04-26,2025-05-03,"pct wk flu lab det","0.975",18.3261904844048,"quantile"
"atlantic",2,2025-04-26,2025-05-10,"pct wk flu lab det","0.025",3.70319002940029,"quantile"
"atlantic",2,2025-04-26,2025-05-10,"pct wk flu lab det","0.1",7.55721214212142,"quantile"
"atlantic",2,2025-04-26,2025-05-10,"pct wk flu lab det","0.25",10.19,"quantile"
"atlantic",2,2025-04-26,2025-05-10,"pct wk flu lab det","0.5",11.52,"quantile"
"atlantic",2,2025-04-26,2025-05-10,"pct wk flu lab det","0.75",12.8488123881239,"quantile"
"atlantic",2,2025-04-26,2025-05-10,"pct wk flu lab det","0.9",15.5215884258843,"quantile"
"atlantic",2,2025-04-26,2025-05-10,"pct wk flu lab det","0.975",19.344041802918,"quantile"
"atlantic",3,2025-04-26,2025-05-17,"pct wk flu lab det","0.025",2.78231342313423,"quantile"
"atlantic",3,2025-04-26,2025-05-17,"pct wk flu lab det","0.1",6.71416533165332,"quantile"
"atlantic",3,2025-04-26,2025-05-17,"pct wk flu lab det","0.25",9.66292527925279,"quantile"
"atlantic",3,2025-04-26,2025-05-17,"pct wk flu lab det","0.5",11.52,"quantile"
"atlantic",3,2025-04-26,2025-05-17,"pct wk flu lab det","0.75",13.3719134441344,"quantile"
"atlantic",3,2025-04-26,2025-05-17,"pct wk flu lab det","0.9",16.3722409824098,"quantile"
"atlantic",3,2025-04-26,2025-05-17,"pct wk flu lab det","0.975",20.2344314368144,"quantile"
"bc",0,2025-04-26,2025-04-26,"pct wk flu lab det","0.025",0.67825,"quantile"
"bc",0,2025-04-26,2025-04-26,"pct wk flu lab det","0.1",4.073,"quantile"
"bc",0,2025-04-26,2025-04-26,"pct wk flu lab det","0.25",5.31,"quantile"
"bc",0,2025-04-26,2025-04-26,"pct wk flu lab det","0.5",5.57,"quantile"
"bc",0,2025-04-26,2025-04-26,"pct wk flu lab det","0.75",5.83,"quantile"
"bc",0,2025-04-26,2025-04-26,"pct wk flu lab det","0.9",7.067,"quantile"
"bc",0,2025-04-26,2025-04-26,"pct wk flu lab det","0.975",10.46175,"quantile"
"bc",1,2025-04-26,2025-05-03,"pct wk flu lab det","0.025",0.00578038780387573,"quantile"
"bc",1,2025-04-26,2025-05-03,"pct wk flu lab det","0.1",2.48206699066991,"quantile"
"bc",1,2025-04-26,2025-05-03,"pct wk flu lab det","0.25",4.75316023160232,"quantile"
"bc",1,2025-04-26,2025-05-03,"pct wk flu lab det","0.5",5.57,"quantile"
"bc",1,2025-04-26,2025-05-03,"pct wk flu lab det","0.75",6.40177086770868,"quantile"
"bc",1,2025-04-26,2025-05-03,"pct wk flu lab det","0.9",8.67961136611366,"quantile"
"bc",1,2025-04-26,2025-05-03,"pct wk flu lab det","0.975",11.2871681716817,"quantile"
"bc",2,2025-04-26,2025-05-10,"pct wk flu lab det","0.025",0,"quantile"
"bc",2,2025-04-26,2025-05-10,"pct wk flu lab det","0.1",1.43216937169372,"quantile"
"bc",2,2025-04-26,2025-05-10,"pct wk flu lab det","0.25",4.24162359123591,"quantile"
"bc",2,2025-04-26,2025-05-10,"pct wk flu lab det","0.5",5.57,"quantile"
"bc",2,2025-04-26,2025-05-10,"pct wk flu lab det","0.75",6.90640081400814,"quantile"
"bc",2,2025-04-26,2025-05-10,"pct wk flu lab det","0.9",9.71,"quantile"
"bc",2,2025-04-26,2025-05-10,"pct wk flu lab det","0.975",12.5447031545316,"quantile"
"bc",3,2025-04-26,2025-05-17,"pct wk flu lab det","0.025",0,"quantile"
"bc",3,2025-04-26,2025-05-17,"pct wk flu lab det","0.1",0.856492154921549,"quantile"
"bc",3,2025-04-26,2025-05-17,"pct wk flu lab det","0.25",3.7130211302113,"quantile"
"bc",3,2025-04-26,2025-05-17,"pct wk flu lab det","0.5",5.57,"quantile"
"bc",3,2025-04-26,2025-05-17,"pct wk flu lab det","0.75",7.46684019340193,"quantile"
"bc",3,2025-04-26,2025-05-17,"pct wk flu lab det","0.9",10.2673694636946,"quantile"
"bc",3,2025-04-26,2025-05-17,"pct wk flu lab det","0.975",13.4388100656006,"quantile"
"ca",0,2025-04-26,2025-04-26,"pct wk flu lab det","0.025",5.82975,"quantile"
"ca",0,2025-04-26,2025-04-26,"pct wk flu lab det","0.1",8.16,"quantile"
"ca",0,2025-04-26,2025-04-26,"pct wk flu lab det","0.25",9.4175,"quantile"
"ca",0,2025-04-26,2025-04-26,"pct wk flu lab det","0.5",9.56,"quantile"
"ca",0,2025-04-26,2025-04-26,"pct wk flu lab det","0.75",9.7025,"quantile"
"ca",0,2025-04-26,2025-04-26,"pct wk flu lab det","0.9",10.96,"quantile"
"ca",0,2025-04-26,2025-04-26,"pct wk flu lab det","0.975",13.29025,"quantile"
"ca",1,2025-04-26,2025-05-03,"pct wk flu lab det","0.025",4.31541766417664,"quantile"
"ca",1,2025-04-26,2025-05-03,"pct wk flu lab det","0.1",6.95217282172822,"quantile"
"ca",1,2025-04-26,2025-05-03,"pct wk flu lab det","0.25",8.88887096370964,"quantile"
"ca",1,2025-04-26,2025-05-03,"pct wk flu lab det","0.5",9.56,"quantile"
"ca",1,2025-04-26,2025-05-03,"pct wk flu lab det","0.75",10.2304170541705,"quantile"
"ca",1,2025-04-26,2025-05-03,"pct wk flu lab det","0.9",12.1813769237692,"quantile"
"ca",1,2025-04-26,2025-05-03,"pct wk flu lab det","0.975",14.8023965864659,"quantile"
"ca",2,2025-04-26,2025-05-10,"pct wk flu lab det","0.025",3.68914721647216,"quantile"
"ca",2,2025-04-26,2025-05-10,"pct wk flu lab det","0.1",6.30956832568326,"quantile"
"ca",2,2025-04-26,2025-05-10,"pct wk flu lab det","0.25",8.33792615426154,"quantile"
"ca",2,2025-04-26,2025-05-10,"pct wk flu lab det","0.5",9.56,"quantile"
"ca",2,2025-04-26,2025-05-10,"pct wk flu lab det","0.75",10.7875253502535,"quantile"
"ca",2,2025-04-26,2025-05-10,"pct wk flu lab det","0.9",12.8124382743828,"quantile"
"ca",2,2025-04-26,2025-05-10,"pct wk flu lab det","0.975",15.4359143516435,"quantile"
"ca",3,2025-04-26,2025-05-17,"pct wk flu lab det","0.025",3.04860575105751,"quantile"
"ca",3,2025-04-26,2025-05-17,"pct wk flu lab det","0.1",5.73968325683257,"quantile"
"ca",3,2025-04-26,2025-05-17,"pct wk flu lab det","0.25",7.9775253502535,"quantile"
"ca",3,2025-04-26,2025-05-17,"pct wk flu lab det","0.5",9.56,"quantile"
"ca",3,2025-04-26,2025-05-17,"pct wk flu lab det","0.75",11.1398754487545,"quantile"
"ca",3,2025-04-26,2025-05-17,"pct wk flu lab det","0.9",13.3700224402244,"quantile"
"ca",3,2025-04-26,2025-05-17,"pct wk flu lab det","0.975",16.1007489224892,"quantile"
"mb",0,2025-04-26,2025-04-26,"pct wk flu lab det","0.025",0,"quantile"
"mb",0,2025-04-26,2025-04-26,"pct wk flu lab det","0.1",4.668,"quantile"
"mb",0,2025-04-26,2025-04-26,"pct wk flu lab det","0.25",6.43,"quantile"
"mb",0,2025-04-26,2025-04-26,"pct wk flu lab det","0.5",6.6,"quantile"
"mb",0,2025-04-26,2025-04-26,"pct wk flu lab det","0.75",6.77,"quantile"
"mb",0,2025-04-26,2025-04-26,"pct wk flu lab det","0.9",8.532,"quantile"
"mb",0,2025-04-26,2025-04-26,"pct wk flu lab det","0.975",14.43525,"quantile"
"mb",1,2025-04-26,2025-05-03,"pct wk flu lab det","0.025",0,"quantile"
"mb",1,2025-04-26,2025-05-03,"pct wk flu lab det","0.1",2.11959870598706,"quantile"
"mb",1,2025-04-26,2025-05-03,"pct wk flu lab det","0.25",5.88279692796928,"quantile"
"mb",1,2025-04-26,2025-05-03,"pct wk flu lab det","0.5",6.6,"quantile"
"mb",1,2025-04-26,2025-05-03,"pct wk flu lab det","0.75",7.32607161071611,"quantile"
"mb",1,2025-04-26,2025-05-03,"pct wk flu lab det","0.9",11.2503320233202,"quantile"
"mb",1,2025-04-26,2025-05-03,"pct wk flu lab det","0.975",19.3465001025009,"quantile"
"mb",2,2025-04-26,2025-05-10,"pct wk flu lab det","0.025",0,"quantile"
"mb",2,2025-04-26,2025-05-10,"pct wk flu lab det","0.1",0.750629416294164,"quantile"
"mb",2,2025-04-26,2025-05-10,"pct wk flu lab det","0.25",4.97681014310142,"quantile"
"mb",2,2025-04-26,2025-05-10,"pct wk flu lab det","0.5",6.6,"quantile"
"mb",2,2025-04-26,2025-05-10,"pct wk flu lab det","0.75",8.2869761197612,"quantile"
"mb",2,2025-04-26,2025-05-10,"pct wk flu lab det","0.9",12.6269802498025,"quantile"
"mb",2,2025-04-26,2025-05-10,"pct wk flu lab det","0.975",26.586440921909,"quantile"
"mb",3,2025-04-26,2025-05-17,"pct wk flu lab det","0.025",0,"quantile"
"mb",3,2025-04-26,2025-05-17,"pct wk flu lab det","0.1",0,"quantile"
"mb",3,2025-04-26,2025-05-17,"pct wk flu lab det","0.25",4.20406289062891,"quantile"
"mb",3,2025-04-26,2025-05-17,"pct wk flu lab det","0.5",6.6,"quantile"
"mb",3,2025-04-26,2025-05-17,"pct wk flu lab det","0.75",9.06140088900889,"quantile"
"mb",3,2025-04-26,2025-05-17,"pct wk flu lab det","0.9",14.2394745847459,"quantile"
"mb",3,2025-04-26,2025-05-17,"pct wk flu lab det","0.975",30.3682960329603,"quantile"
"nb",0,2025-04-26,2025-04-26,"pct wk flu lab det","0.025",4.97025,"quantile"
"nb",0,2025-04-26,2025-04-26,"pct wk flu lab det","0.1",9.446,"quantile"
"nb",0,2025-04-26,2025-04-26,"pct wk flu lab det","0.25",11.36,"quantile"
"nb",0,2025-04-26,2025-04-26,"pct wk flu lab det","0.5",11.57,"quantile"
"nb",0,2025-04-26,2025-04-26,"pct wk flu lab det","0.75",11.78,"quantile"
"nb",0,2025-04-26,2025-04-26,"pct wk flu lab det","0.9",13.694,"quantile"
"nb",0,2025-04-26,2025-04-26,"pct wk flu lab det","0.975",18.16975,"quantile"
"nb",1,2025-04-26,2025-05-03,"pct wk flu lab det","0.025",3.05681003060031,"quantile"
"nb",1,2025-04-26,2025-05-03,"pct wk flu lab det","0.1",7.37849881498815,"quantile"
"nb",1,2025-04-26,2025-05-03,"pct wk flu lab det","0.25",10.6688783637836,"quantile"
"nb",1,2025-04-26,2025-05-03,"pct wk flu lab det","0.5",11.57,"quantile"
"nb",1,2025-04-26,2025-05-03,"pct wk flu lab det","0.75",12.4784590595906,"quantile"
"nb",1,2025-04-26,2025-05-03,"pct wk flu lab det","0.9",15.784201602016,"quantile"
"nb",1,2025-04-26,2025-05-03,"pct wk flu lab det","0.975",20.1683100031,"quantile"
"nb",2,2025-04-26,2025-05-10,"pct wk flu lab det","0.025",1.61669506195062,"quantile"
"nb",2,2025-04-26,2025-05-10,"pct wk flu lab det","0.1",6.06890663906639,"quantile"
"nb",2,2025-04-26,2025-05-10,"pct wk flu lab det","0.25",9.79562350623506,"quantile"
"nb",2,2025-04-26,2025-05-10,"pct wk flu lab det","0.5",11.57,"quantile"
"nb",2,2025-04-26,2025-05-10,"pct wk flu lab det","0.75",13.3443418434184,"quantile"
"nb",2,2025-04-26,2025-05-10,"pct wk flu lab det","0.9",17.095759397594,"quantile"
"nb",2,2025-04-26,2025-05-10,"pct wk flu lab det","0.975",21.6403646086461,"quantile"
"nb",3,2025-04-26,2025-05-17,"pct wk flu lab det","0.025",0.0104369393693922,"quantile"
"nb",3,2025-04-26,2025-05-17,"pct wk flu lab det","0.1",5.13032087320874,"quantile"
"nb",3,2025-04-26,2025-05-17,"pct wk flu lab det","0.25",9.12392058920589,"quantile"
"nb",3,2025-04-26,2025-05-17,"pct wk flu lab det","0.5",11.57,"quantile"
"nb",3,2025-04-26,2025-05-17,"pct wk flu lab det","0.75",14.0026333763338,"quantile"
"nb",3,2025-04-26,2025-05-17,"pct wk flu lab det","0.9",18.0455696156962,"quantile"
"nb",3,2025-04-26,2025-05-17,"pct wk flu lab det","0.975",23.3004368443684,"quantile"
"nl",0,2025-04-26,2025-04-26,"pct wk flu lab det","0.025",15.6525,"quantile"
"nl",0,2025-04-26,2025-04-26,"pct wk flu lab det","0.1",20.624,"quantile"
"nl",0,2025-04-26,2025-04-26,"pct wk flu lab det","0.25",22.52,"quantile"
"nl",0,2025-04-26,2025-04-26,"pct wk flu lab det","0.5",22.63,"quantile"
"nl",0,2025-04-26,2025-04-26,"pct wk flu lab det","0.75",22.74,"quantile"
"nl",0,2025-04-26,2025-04-26,"pct wk flu lab det","0.9",24.636,"quantile"
"nl",0,2025-04-26,2025-04-26,"pct wk flu lab det","0.975",29.6075,"quantile"
"nl",1,2025-04-26,2025-05-03,"pct wk flu lab det","0.025",13.437118696187,"quantile"
"nl",1,2025-04-26,2025-05-03,"pct wk flu lab det","0.1",18.7015493054931,"quantile"
"nl",1,2025-04-26,2025-05-03,"pct wk flu lab det","0.25",21.6686098860989,"quantile"
"nl",1,2025-04-26,2025-05-03,"pct wk flu lab det","0.5",22.63,"quantile"
"nl",1,2025-04-26,2025-05-03,"pct wk flu lab det","0.75",23.5930276552766,"quantile"
"nl",1,2025-04-26,2025-05-03,"pct wk flu lab det","0.9",26.5576751867519,"quantile"
"nl",1,2025-04-26,2025-05-03,"pct wk flu lab det","0.975",31.8086316688167,"quantile"
"nl",2,2025-04-26,2025-05-10,"pct wk flu lab det","0.025",11.1011799067991,"quantile"
"nl",2,2025-04-26,2025-05-10,"pct wk flu lab det","0.1",17.2944118441184,"quantile"
"nl",2,2025-04-26,2025-05-10,"pct wk flu lab det","0.25",20.9925900509005,"quantile"
"nl",2,2025-04-26,2025-05-10,"pct wk flu lab det","0.5",22.63,"quantile"
"nl",2,2025-04-26,2025-05-10,"pct wk flu lab det","0.75",24.2867077170772,"quantile"
"nl",2,2025-04-26,2025-05-10,"pct wk flu lab det","0.9",27.929624096241,"quantile"
"nl",2,2025-04-26,2025-05-10,"pct wk flu lab det","0.975",34.039531797818,"quantile"
"nl",3,2025-04-26,2025-05-17,"pct wk flu lab det","0.025",9.56627608776088,"quantile"
"nl",3,2025-04-26,2025-05-17,"pct wk flu lab det","0.1",16.0648686286863,"quantile"
"nl",3,2025-04-26,2025-05-17,"pct wk flu lab det","0.25",20.1717355173552,"quantile"
"nl",3,2025-04-26,2025-05-17,"pct wk flu lab det","0.5",22.63,"quantile"
"nl",3,2025-04-26,2025-05-17,"pct wk flu lab det","0.75",25.110403604036,"quantile"
"nl",3,2025-04-26,2025-05-17,"pct wk flu lab det","0.9",29.1752362423624,"quantile"
"nl",3,2025-04-26,2025-05-17,"pct wk flu lab det","0.975",35.5878158156581,"quantile"
"ns",0,2025-04-26,2025-04-26,"pct wk flu lab det","0.025",1.75575,"quantile"
"ns",0,2025-04-26,2025-04-26,"pct wk flu lab det","0.1",5.223,"quantile"
"ns",0,2025-04-26,2025-04-26,"pct wk flu lab det","0.25",7.04,"quantile"
"ns",0,2025-04-26,2025-04-26,"pct wk flu lab det","0.5",7.15,"quantile"
"ns",0,2025-04-26,2025-04-26,"pct wk flu lab det","0.75",7.26,"quantile"
"ns",0,2025-04-26,2025-04-26,"pct wk flu lab det","0.9",9.077,"quantile"
"ns",0,2025-04-26,2025-04-26,"pct wk flu lab det","0.975",12.54425,"quantile"
"ns",1,2025-04-26,2025-05-03,"pct wk flu lab det","0.025",0.506428314283144,"quantile"
"ns",1,2025-04-26,2025-05-03,"pct wk flu lab det","0.1",4.05926172261723,"quantile"
"ns",1,2025-04-26,2025-05-03,"pct wk flu lab det","0.25",6.33937914379144,"quantile"
"ns",1,2025-04-26,2025-05-03,"pct wk flu lab det","0.5",7.15,"quantile"
"ns",1,2025-04-26,2025-05-03,"pct wk flu lab det","0.75",7.9529766297663,"quantile"
"ns",1,2025-04-26,2025-05-03,"pct wk flu lab det","0.9",10.2492336723367,"quantile"
"ns",1,2025-04-26,2025-05-03,"pct wk flu lab det","0.975",13.8428010305103,"quantile"
"ns",2,2025-04-26,2025-05-10,"pct wk flu lab det","0.025",0,"quantile"
"ns",2,2025-04-26,2025-05-10,"pct wk flu lab det","0.1",2.91739180391804,"quantile"
"ns",2,2025-04-26,2025-05-10,"pct wk flu lab det","0.25",5.59843128431284,"quantile"
"ns",2,2025-04-26,2025-05-10,"pct wk flu lab det","0.5",7.15,"quantile"
"ns",2,2025-04-26,2025-05-10,"pct wk flu lab det","0.75",8.70777352773528,"quantile"
"ns",2,2025-04-26,2025-05-10,"pct wk flu lab det","0.9",11.400869798698,"quantile"
"ns",2,2025-04-26,2025-05-10,"pct wk flu lab det","0.975",15.7229507545075,"quantile"
"ns",3,2025-04-26,2025-05-17,"pct wk flu lab det","0.025",0,"quantile"
"ns",3,2025-04-26,2025-05-17,"pct wk flu lab det","0.1",2.03625752257523,"quantile"
"ns",3,2025-04-26,2025-05-17,"pct wk flu lab det","0.25",5.08373451234512,"quantile"
"ns",3,2025-04-26,2025-05-17,"pct wk flu lab det","0.5",7.15,"quantile"
"ns",3,2025-04-26,2025-05-17,"pct wk flu lab det","0.75",9.22834705847058,"quantile"
"ns",3,2025-04-26,2025-05-17,"pct wk flu lab det","0.9",12.3234201842018,"quantile"
"ns",3,2025-04-26,2025-05-17,"pct wk flu lab det","0.975",17.511328600786,"quantile"
"nt",0,2025-04-26,2025-04-26,"pct wk flu lab det","0.025",4.9175,"quantile"
"nt",0,2025-04-26,2025-04-26,"pct wk flu lab det","0.1",16.425,"quantile"
"nt",0,2025-04-26,2025-04-26,"pct wk flu lab det","0.25",22.73,"quantile"
"nt",0,2025-04-26,2025-04-26,"pct wk flu lab det","0.5",22.73,"quantile"
"nt",0,2025-04-26,2025-04-26,"pct wk flu lab det","0.75",22.73,"quantile"
"nt",0,2025-04-26,2025-04-26,"pct wk flu lab det","0.9",29.035,"quantile"
"nt",0,2025-04-26,2025-04-26,"pct wk flu lab det","0.975",40.5424999999999,"quantile"
"nt",1,2025-04-26,2025-05-03,"pct wk flu lab det","0.025",0.865958757087572,"quantile"
"nt",1,2025-04-26,2025-05-03,"pct wk flu lab det","0.1",12.3610174601746,"quantile"
"nt",1,2025-04-26,2025-05-03,"pct wk flu lab det","0.25",19.9439121141211,"quantile"
"nt",1,2025-04-26,2025-05-03,"pct wk flu lab det","0.5",22.73,"quantile"
"nt",1,2025-04-26,2025-05-03,"pct wk flu lab det","0.75",25.6270117451175,"quantile"
"nt",1,2025-04-26,2025-05-03,"pct wk flu lab det","0.9",33.0704041040411,"quantile"
"nt",1,2025-04-26,2025-05-03,"pct wk flu lab det","0.975",44.8841059760597,"quantile"
"nt",2,2025-04-26,2025-05-10,"pct wk flu lab det","0.025",0,"quantile"
"nt",2,2025-04-26,2025-05-10,"pct wk flu lab det","0.1",9.69,"quantile"
"nt",2,2025-04-26,2025-05-10,"pct wk flu lab det","0.25",17.7135622356224,"quantile"
"nt",2,2025-04-26,2025-05-10,"pct wk flu lab det","0.5",22.73,"quantile"
"nt",2,2025-04-26,2025-05-10,"pct wk flu lab det","0.75",27.7432202322023,"quantile"
"nt",2,2025-04-26,2025-05-10,"pct wk flu lab det","0.9",35.77,"quantile"
"nt",2,2025-04-26,2025-05-10,"pct wk flu lab det","0.975",48.3844198766987,"quantile"
"nt",3,2025-04-26,2025-05-17,"pct wk flu lab det","0.025",0,"quantile"
"nt",3,2025-04-26,2025-05-17,"pct wk flu lab det","0.1",6.3480174601746,"quantile"
"nt",3,2025-04-26,2025-05-17,"pct wk flu lab det","0.25",15.9164613896139,"quantile"
"nt",3,2025-04-26,2025-05-17,"pct wk flu lab det","0.5",22.73,"quantile"
"nt",3,2025-04-26,2025-05-17,"pct wk flu lab det","0.75",29.54026100261,"quantile"
"nt",3,2025-04-26,2025-05-17,"pct wk flu lab det","0.9",39.3007314373144,"quantile"
"nt",3,2025-04-26,2025-05-17,"pct wk flu lab det","0.975",51.6171796867969,"quantile"
"nu",0,2025-04-26,2025-04-26,"pct wk flu lab det","0.025",0,"quantile"
"nu",0,2025-04-26,2025-04-26,"pct wk flu lab det","0.1",2.946,"quantile"
"nu",0,2025-04-26,2025-04-26,"pct wk flu lab det","0.25",7.76,"quantile"
"nu",0,2025-04-26,2025-04-26,"pct wk flu lab det","0.5",7.76,"quantile"
"nu",0,2025-04-26,2025-04-26,"pct wk flu lab det","0.75",7.76,"quantile"
"nu",0,2025-04-26,2025-04-26,"pct wk flu lab det","0.9",12.574,"quantile"
"nu",0,2025-04-26,2025-04-26,"pct wk flu lab det","0.975",22.48875,"quantile"
"nu",1,2025-04-26,2025-05-03,"pct wk flu lab det","0.025",0,"quantile"
"nu",1,2025-04-26,2025-05-03,"pct wk flu lab det","0.1",0,"quantile"
"nu",1,2025-04-26,2025-05-03,"pct wk flu lab det","0.25",5.61218432184322,"quantile"
"nu",1,2025-04-26,2025-05-03,"pct wk flu lab det","0.5",7.76,"quantile"
"nu",1,2025-04-26,2025-05-03,"pct wk flu lab det","0.75",10.0451776267763,"quantile"
"nu",1,2025-04-26,2025-05-03,"pct wk flu lab det","0.9",18.6475560455605,"quantile"
"nu",1,2025-04-26,2025-05-03,"pct wk flu lab det","0.975",26.6801378913789,"quantile"
"nu",2,2025-04-26,2025-05-10,"pct wk flu lab det","0.025",0,"quantile"
"nu",2,2025-04-26,2025-05-10,"pct wk flu lab det","0.1",0,"quantile"
"nu",2,2025-04-26,2025-05-10,"pct wk flu lab det","0.25",4.11310053100531,"quantile"
"nu",2,2025-04-26,2025-05-10,"pct wk flu lab det","0.5",7.76,"quantile"
"nu",2,2025-04-26,2025-05-10,"pct wk flu lab det","0.75",11.867303498035,"quantile"
"nu",2,2025-04-26,2025-05-10,"pct wk flu lab det","0.9",20.9054476844768,"quantile"
"nu",2,2025-04-26,2025-05-10,"pct wk flu lab det","0.975",30.7461704567046,"quantile"
"nu",3,2025-04-26,2025-05-17,"pct wk flu lab det","0.025",0,"quantile"
"nu",3,2025-04-26,2025-05-17,"pct wk flu lab det","0.1",0,"quantile"
"nu",3,2025-04-26,2025-05-17,"pct wk flu lab det","0.25",2.5470195701957,"quantile"
"nu",3,2025-04-26,2025-05-17,"pct wk flu lab det","0.5",7.76,"quantile"
"nu",3,2025-04-26,2025-05-17,"pct wk flu lab det","0.75",13.4712071120711,"quantile"
"nu",3,2025-04-26,2025-05-17,"pct wk flu lab det","0.9",22.6981614616146,"quantile"
"nu",3,2025-04-26,2025-05-17,"pct wk flu lab det","0.975",33.4639585520855,"quantile"
"on",0,2025-04-26,2025-04-26,"pct wk flu lab det","0.025",4.1615,"quantile"
"on",0,2025-04-26,2025-04-26,"pct wk flu lab det","0.1",6.089,"quantile"
"on",0,2025-04-26,2025-04-26,"pct wk flu lab det","0.25",6.98,"quantile"
"on",0,2025-04-26,2025-04-26,"pct wk flu lab det","0.5",7.18,"quantile"
"on",0,2025-04-26,2025-04-26,"pct wk flu lab det","0.75",7.38,"quantile"
"on",0,2025-04-26,2025-04-26,"pct wk flu lab det","0.9",8.271,"quantile"
"on",0,2025-04-26,2025-04-26,"pct wk flu lab det","0.975",10.1985,"quantile"
"on",1,2025-04-26,2025-05-03,"pct wk flu lab det","0.025",3.3799968899689,"quantile"
"on",1,2025-04-26,2025-05-03,"pct wk flu lab det","0.1",5.17760328603286,"quantile"
"on",1,2025-04-26,2025-05-03,"pct wk flu lab det","0.25",6.62047940479405,"quantile"
"on",1,2025-04-26,2025-05-03,"pct wk flu lab det","0.5",7.18,"quantile"
"on",1,2025-04-26,2025-05-03,"pct wk flu lab det","0.75",7.7395340703407,"quantile"
"on",1,2025-04-26,2025-05-03,"pct wk flu lab det","0.9",9.17967982679827,"quantile"
"on",1,2025-04-26,2025-05-03,"pct wk flu lab det","0.975",10.9979524945249,"quantile"
"on",2,2025-04-26,2025-05-10,"pct wk flu lab det","0.025",2.57999780497805,"quantile"
"on",2,2025-04-26,2025-05-10,"pct wk flu lab det","0.1",4.61592579925799,"quantile"
"on",2,2025-04-26,2025-05-10,"pct wk flu lab det","0.25",6.24278545285453,"quantile"
"on",2,2025-04-26,2025-05-10,"pct wk flu lab det","0.5",7.18,"quantile"
"on",2,2025-04-26,2025-05-10,"pct wk flu lab det","0.75",8.10967744677447,"quantile"
"on",2,2025-04-26,2025-05-10,"pct wk flu lab det","0.9",9.7500209702097,"quantile"
"on",2,2025-04-26,2025-05-10,"pct wk flu lab det","0.975",11.789270800208,"quantile"
"on",3,2025-04-26,2025-05-17,"pct wk flu lab det","0.025",1.99719614696147,"quantile"
"on",3,2025-04-26,2025-05-17,"pct wk flu lab det","0.1",4.2189984199842,"quantile"
"on",3,2025-04-26,2025-05-17,"pct wk flu lab det","0.25",5.96040812908129,"quantile"
"on",3,2025-04-26,2025-05-17,"pct wk flu lab det","0.5",7.18,"quantile"
"on",3,2025-04-26,2025-05-17,"pct wk flu lab det","0.75",8.41018040180401,"quantile"
"on",3,2025-04-26,2025-05-17,"pct wk flu lab det","0.9",10.1667865278653,"quantile"
"on",3,2025-04-26,2025-05-17,"pct wk flu lab det","0.975",12.395037097871,"quantile"
"pe",0,2025-04-26,2025-04-26,"pct wk flu lab det","0.025",7.30675,"quantile"
"pe",0,2025-04-26,2025-04-26,"pct wk flu lab det","0.1",12.863,"quantile"
"pe",0,2025-04-26,2025-04-26,"pct wk flu lab det","0.25",16.26,"quantile"
"pe",0,2025-04-26,2025-04-26,"pct wk flu lab det","0.5",16.26,"quantile"
"pe",0,2025-04-26,2025-04-26,"pct wk flu lab det","0.75",16.26,"quantile"
"pe",0,2025-04-26,2025-04-26,"pct wk flu lab det","0.9",19.657,"quantile"
"pe",0,2025-04-26,2025-04-26,"pct wk flu lab det","0.975",25.21325,"quantile"
"pe",1,2025-04-26,2025-05-03,"pct wk flu lab det","0.025",2.90709071340714,"quantile"
"pe",1,2025-04-26,2025-05-03,"pct wk flu lab det","0.1",9.88842476424765,"quantile"
"pe",1,2025-04-26,2025-05-03,"pct wk flu lab det","0.25",14.7112689626896,"quantile"
"pe",1,2025-04-26,2025-05-03,"pct wk flu lab det","0.5",16.26,"quantile"
"pe",1,2025-04-26,2025-05-03,"pct wk flu lab det","0.75",17.8565487904879,"quantile"
"pe",1,2025-04-26,2025-05-03,"pct wk flu lab det","0.9",22.6254276342763,"quantile"
"pe",1,2025-04-26,2025-05-03,"pct wk flu lab det","0.975",29.6795358753587,"quantile"
"pe",2,2025-04-26,2025-05-10,"pct wk flu lab det","0.025",0.0926937269372701,"quantile"
"pe",2,2025-04-26,2025-05-10,"pct wk flu lab det","0.1",8.46907339073391,"quantile"
"pe",2,2025-04-26,2025-05-10,"pct wk flu lab det","0.25",13.1348288232882,"quantile"
"pe",2,2025-04-26,2025-05-10,"pct wk flu lab det","0.5",16.26,"quantile"
"pe",2,2025-04-26,2025-05-10,"pct wk flu lab det","0.75",19.39,"quantile"
"pe",2,2025-04-26,2025-05-10,"pct wk flu lab det","0.9",24.1578749487495,"quantile"
"pe",2,2025-04-26,2025-05-10,"pct wk flu lab det","0.975",32.5247806478065,"quantile"
"pe",3,2025-04-26,2025-05-17,"pct wk flu lab det","0.025",0,"quantile"
"pe",3,2025-04-26,2025-05-17,"pct wk flu lab det","0.1",6.93308036080361,"quantile"
"pe",3,2025-04-26,2025-05-17,"pct wk flu lab det","0.25",12.4346545715457,"quantile"
"pe",3,2025-04-26,2025-05-17,"pct wk flu lab det","0.5",16.26,"quantile"
"pe",3,2025-04-26,2025-05-17,"pct wk flu lab det","0.75",20.1609348093481,"quantile"
"pe",3,2025-04-26,2025-05-17,"pct wk flu lab det","0.9",25.6156703567036,"quantile"
"pe",3,2025-04-26,2025-05-17,"pct wk flu lab det","0.975",34.5821410414104,"quantile"
"prairies",0,2025-04-26,2025-04-26,"pct wk flu lab det","0.025",6.1205,"quantile"
"prairies",0,2025-04-26,2025-04-26,"pct wk flu lab det","0.1",9.336,"quantile"
"prairies",0,2025-04-26,2025-04-26,"pct wk flu lab det","0.25",10.66,"quantile"
"prairies",0,2025-04-26,2025-04-26,"pct wk flu lab det","0.5",10.85,"quantile"
"prairies",0,2025-04-26,2025-04-26,"pct wk flu lab det","0.75",11.04,"quantile"
"prairies",0,2025-04-26,2025-04-26,"pct wk flu lab det","0.9",12.364,"quantile"
"prairies",0,2025-04-26,2025-04-26,"pct wk flu lab det","0.975",15.5795,"quantile"
"prairies",1,2025-04-26,2025-05-03,"pct wk flu lab det","0.025",4.65314003640037,"quantile"
"prairies",1,2025-04-26,2025-05-03,"pct wk flu lab det","0.1",7.62616696166962,"quantile"
"prairies",1,2025-04-26,2025-05-03,"pct wk flu lab det","0.25",10.03,"quantile"
"prairies",1,2025-04-26,2025-05-03,"pct wk flu lab det","0.5",10.85,"quantile"
"prairies",1,2025-04-26,2025-05-03,"pct wk flu lab det","0.75",11.6669461944619,"quantile"
"prairies",1,2025-04-26,2025-05-03,"pct wk flu lab det","0.9",14.0779677696777,"quantile"
"prairies",1,2025-04-26,2025-05-03,"pct wk flu lab det","0.975",17.0544667471675,"quantile"
"prairies",2,2025-04-26,2025-05-10,"pct wk flu lab det","0.025",3.58205973559736,"quantile"
"prairies",2,2025-04-26,2025-05-10,"pct wk flu lab det","0.1",6.81965096650966,"quantile"
"prairies",2,2025-04-26,2025-05-10,"pct wk flu lab det","0.25",9.46828403284033,"quantile"
"prairies",2,2025-04-26,2025-05-10,"pct wk flu lab det","0.5",10.85,"quantile"
"prairies",2,2025-04-26,2025-05-10,"pct wk flu lab det","0.75",12.2219529945299,"quantile"
"prairies",2,2025-04-26,2025-05-10,"pct wk flu lab det","0.9",14.9078784187842,"quantile"
"prairies",2,2025-04-26,2025-05-10,"pct wk flu lab det","0.975",18.1041860718607,"quantile"
"prairies",3,2025-04-26,2025-05-17,"pct wk flu lab det","0.025",2.44479614296143,"quantile"
"prairies",3,2025-04-26,2025-05-17,"pct wk flu lab det","0.1",6.13445583455835,"quantile"
"prairies",3,2025-04-26,2025-05-17,"pct wk flu lab det","0.25",8.92704829548296,"quantile"
"prairies",3,2025-04-26,2025-05-17,"pct wk flu lab det","0.5",10.85,"quantile"
"prairies",3,2025-04-26,2025-05-17,"pct wk flu lab det","0.75",12.8024340743407,"quantile"
"prairies",3,2025-04-26,2025-05-17,"pct wk flu lab det","0.9",15.5758767187672,"quantile"
"prairies",3,2025-04-26,2025-05-17,"pct wk flu lab det","0.975",19.199284697847,"quantile"
"qc",0,2025-04-26,2025-04-26,"pct wk flu lab det","0.025",5.943,"quantile"
"qc",0,2025-04-26,2025-04-26,"pct wk flu lab det","0.1",9.158,"quantile"
"qc",0,2025-04-26,2025-04-26,"pct wk flu lab det","0.25",10.8275,"quantile"
"qc",0,2025-04-26,2025-04-26,"pct wk flu lab det","0.5",11.12,"quantile"
"qc",0,2025-04-26,2025-04-26,"pct wk flu lab det","0.75",11.4125,"quantile"
"qc",0,2025-04-26,2025-04-26,"pct wk flu lab det","0.9",13.082,"quantile"
"qc",0,2025-04-26,2025-04-26,"pct wk flu lab det","0.975",16.297,"quantile"
"qc",1,2025-04-26,2025-05-03,"pct wk flu lab det","0.025",3.83771780467804,"quantile"
"qc",1,2025-04-26,2025-05-03,"pct wk flu lab det","0.1",7.53246959469595,"quantile"
"qc",1,2025-04-26,2025-05-03,"pct wk flu lab det","0.25",10.12,"quantile"
"qc",1,2025-04-26,2025-05-03,"pct wk flu lab det","0.5",11.12,"quantile"
"qc",1,2025-04-26,2025-05-03,"pct wk flu lab det","0.75",12.11770700207,"quantile"
"qc",1,2025-04-26,2025-05-03,"pct wk flu lab det","0.9",14.7092343723437,"quantile"
"qc",1,2025-04-26,2025-05-03,"pct wk flu lab det","0.975",18.3996019335193,"quantile"
"qc",2,2025-04-26,2025-05-10,"pct wk flu lab det","0.025",3.04970179201792,"quantile"
"qc",2,2025-04-26,2025-05-10,"pct wk flu lab det","0.1",6.73821177211772,"quantile"
"qc",2,2025-04-26,2025-05-10,"pct wk flu lab det","0.25",9.444973199732,"quantile"
"qc",2,2025-04-26,2025-05-10,"pct wk flu lab det","0.5",11.12,"quantile"
"qc",2,2025-04-26,2025-05-10,"pct wk flu lab det","0.75",12.8145124701247,"quantile"
"qc",2,2025-04-26,2025-05-10,"pct wk flu lab det","0.9",15.5084994649947,"quantile"
"qc",2,2025-04-26,2025-05-10,"pct wk flu lab det","0.975",19.1742468724687,"quantile"
"qc",3,2025-04-26,2025-05-17,"pct wk flu lab det","0.025",2.11058453834538,"quantile"
"qc",3,2025-04-26,2025-05-17,"pct wk flu lab det","0.1",5.88440660406604,"quantile"
"qc",3,2025-04-26,2025-05-17,"pct wk flu lab det","0.25",8.92367821178212,"quantile"
"qc",3,2025-04-26,2025-05-17,"pct wk flu lab det","0.5",11.12,"quantile"
"qc",3,2025-04-26,2025-05-17,"pct wk flu lab det","0.75",13.3093344683447,"quantile"
"qc",3,2025-04-26,2025-05-17,"pct wk flu lab det","0.9",16.34773099731,"quantile"
"qc",3,2025-04-26,2025-05-17,"pct wk flu lab det","0.975",20.0027690826908,"quantile"
"sk",0,2025-04-26,2025-04-26,"pct wk flu lab det","0.025",11.15175,"quantile"
"sk",0,2025-04-26,2025-04-26,"pct wk flu lab det","0.1",15.246,"quantile"
"sk",0,2025-04-26,2025-04-26,"pct wk flu lab det","0.25",16.8,"quantile"
"sk",0,2025-04-26,2025-04-26,"pct wk flu lab det","0.5",17.09,"quantile"
"sk",0,2025-04-26,2025-04-26,"pct wk flu lab det","0.75",17.38,"quantile"
"sk",0,2025-04-26,2025-04-26,"pct wk flu lab det","0.9",18.934,"quantile"
"sk",0,2025-04-26,2025-04-26,"pct wk flu lab det","0.975",23.02825,"quantile"
"sk",1,2025-04-26,2025-05-03,"pct wk flu lab det","0.025",7.35639168391684,"quantile"
"sk",1,2025-04-26,2025-05-03,"pct wk flu lab det","0.1",12.8610384903849,"quantile"
"sk",1,2025-04-26,2025-05-03,"pct wk flu lab det","0.25",16.1256753067531,"quantile"
"sk",1,2025-04-26,2025-05-03,"pct wk flu lab det","0.5",17.09,"quantile"
"sk",1,2025-04-26,2025-05-03,"pct wk flu lab det","0.75",18.0546420214202,"quantile"
"sk",1,2025-04-26,2025-05-03,"pct wk flu lab det","0.9",21.322737497375,"quantile"
"sk",1,2025-04-26,2025-05-03,"pct wk flu lab det","0.975",26.8632414099141,"quantile"
"sk",2,2025-04-26,2025-05-10,"pct wk flu lab det","0.025",6.10405796807968,"quantile"
"sk",2,2025-04-26,2025-05-10,"pct wk flu lab det","0.1",11.8618076680767,"quantile"
"sk",2,2025-04-26,2025-05-10,"pct wk flu lab det","0.25",15.3834075090751,"quantile"
"sk",2,2025-04-26,2025-05-10,"pct wk flu lab det","0.5",17.09,"quantile"
"sk",2,2025-04-26,2025-05-10,"pct wk flu lab det","0.75",18.7878924539245,"quantile"
"sk",2,2025-04-26,2025-05-10,"pct wk flu lab det","0.9",22.3359754097541,"quantile"
"sk",2,2025-04-26,2025-05-10,"pct wk flu lab det","0.975",28.1199275517755,"quantile"
"sk",3,2025-04-26,2025-05-17,"pct wk flu lab det","0.025",4.5677445399454,"quantile"
"sk",3,2025-04-26,2025-05-17,"pct wk flu lab det","0.1",10.8997510275103,"quantile"
"sk",3,2025-04-26,2025-05-17,"pct wk flu lab det","0.25",14.6771169211692,"quantile"
"sk",3,2025-04-26,2025-05-17,"pct wk flu lab det","0.5",17.09,"quantile"
"sk",3,2025-04-26,2025-05-17,"pct wk flu lab det","0.75",19.4768455184552,"quantile"
"sk",3,2025-04-26,2025-05-17,"pct wk flu lab det","0.9",23.2828604686047,"quantile"
"sk",3,2025-04-26,2025-05-17,"pct wk flu lab det","0.975",29.7025199276993,"quantile"
"territories",0,2025-04-26,2025-04-26,"pct wk flu lab det","0.025",0,"quantile"
"territories",0,2025-04-26,2025-04-26,"pct wk flu lab det","0.1",4.84,"quantile"
"territories",0,2025-04-26,2025-04-26,"pct wk flu lab det","0.25",9.64,"quantile"
"territories",0,2025-04-26,2025-04-26,"pct wk flu lab det","0.5",10.4,"quantile"
"territories",0,2025-04-26,2025-04-26,"pct wk flu lab det","0.75",11.16,"quantile"
"territories",0,2025-04-26,2025-04-26,"pct wk flu lab det","0.9",15.96,"quantile"
"territories",0,2025-04-26,2025-04-26,"pct wk flu lab det","0.975",23.29775,"quantile"
"territories",1,2025-04-26,2025-05-03,"pct wk flu lab det","0.025",0,"quantile"
"territories",1,2025-04-26,2025-05-03,"pct wk flu lab det","0.1",1.79443674436745,"quantile"
"territories",1,2025-04-26,2025-05-03,"pct wk flu lab det","0.25",7.96708487084871,"quantile"
"territories",1,2025-04-26,2025-05-03,"pct wk flu lab det","0.5",10.4,"quantile"
"territories",1,2025-04-26,2025-05-03,"pct wk flu lab det","0.75",12.8955810308103,"quantile"
"territories",1,2025-04-26,2025-05-03,"pct wk flu lab det","0.9",19.1788810488105,"quantile"
"territories",1,2025-04-26,2025-05-03,"pct wk flu lab det","0.975",25.999207902079,"quantile"
"territories",2,2025-04-26,2025-05-10,"pct wk flu lab det","0.025",0,"quantile"
"territories",2,2025-04-26,2025-05-10,"pct wk flu lab det","0.1",0,"quantile"
"territories",2,2025-04-26,2025-05-10,"pct wk flu lab det","0.25",6.2209573095731,"quantile"
"territories",2,2025-04-26,2025-05-10,"pct wk flu lab det","0.5",10.4,"quantile"
"territories",2,2025-04-26,2025-05-10,"pct wk flu lab det","0.75",14.6809480594806,"quantile"
"territories",2,2025-04-26,2025-05-10,"pct wk flu lab det","0.9",21.5913945239452,"quantile"
"territories",2,2025-04-26,2025-05-10,"pct wk flu lab det","0.975",28.966574100741,"quantile"
"territories",3,2025-04-26,2025-05-17,"pct wk flu lab det","0.025",0,"quantile"
"territories",3,2025-04-26,2025-05-17,"pct wk flu lab det","0.1",0,"quantile"
"territories",3,2025-04-26,2025-05-17,"pct wk flu lab det","0.25",4.7814524395244,"quantile"
"territories",3,2025-04-26,2025-05-17,"pct wk flu lab det","0.5",10.4,"quantile"
"territories",3,2025-04-26,2025-05-17,"pct wk flu lab det","0.75",16.1634209842098,"quantile"
"territories",3,2025-04-26,2025-05-17,"pct wk flu lab det","0.9",23.2797362773627,"quantile"
"territories",3,2025-04-26,2025-05-17,"pct wk flu lab det","0.975",31.3789482469825,"quantile"
"yk",0,2025-04-26,2025-04-26,"pct wk flu lab det","0.025",0,"quantile"
"yk",0,2025-04-26,2025-04-26,"pct wk flu lab det","0.1",0,"quantile"
"yk",0,2025-04-26,2025-04-26,"pct wk flu lab det","0.25",0,"quantile"
"yk",0,2025-04-26,2025-04-26,"pct wk flu lab det","0.5",0,"quantile"
"yk",0,2025-04-26,2025-04-26,"pct wk flu lab det","0.75",0,"quantile"
"yk",0,2025-04-26,2025-04-26,"pct wk flu lab det","0.9",5.075,"quantile"
"yk",0,2025-04-26,2025-04-26,"pct wk flu lab det","0.975",15.43325,"quantile"
"yk",1,2025-04-26,2025-05-03,"pct wk flu lab det","0.025",0,"quantile"
"yk",1,2025-04-26,2025-05-03,"pct wk flu lab det","0.1",0,"quantile"
"yk",1,2025-04-26,2025-05-03,"pct wk flu lab det","0.25",0,"quantile"
"yk",1,2025-04-26,2025-05-03,"pct wk flu lab det","0.5",0,"quantile"
"yk",1,2025-04-26,2025-05-03,"pct wk flu lab det","0.75",2.41506205062051,"quantile"
"yk",1,2025-04-26,2025-05-03,"pct wk flu lab det","0.9",10.1081406714067,"quantile"
"yk",1,2025-04-26,2025-05-03,"pct wk flu lab det","0.975",27.2330780382805,"quantile"
"yk",2,2025-04-26,2025-05-10,"pct wk flu lab det","0.025",0,"quantile"
"yk",2,2025-04-26,2025-05-10,"pct wk flu lab det","0.1",0,"quantile"
"yk",2,2025-04-26,2025-05-10,"pct wk flu lab det","0.25",0,"quantile"
"yk",2,2025-04-26,2025-05-10,"pct wk flu lab det","0.5",0,"quantile"
"yk",2,2025-04-26,2025-05-10,"pct wk flu lab det","0.75",4.87159646596466,"quantile"
"yk",2,2025-04-26,2025-05-10,"pct wk flu lab det","0.9",12.7611064210642,"quantile"
"yk",2,2025-04-26,2025-05-10,"pct wk flu lab det","0.975",34.9643943089431,"quantile"
"yk",3,2025-04-26,2025-05-17,"pct wk flu lab det","0.025",0,"quantile"
"yk",3,2025-04-26,2025-05-17,"pct wk flu lab det","0.1",0,"quantile"
"yk",3,2025-04-26,2025-05-17,"pct wk flu lab det","0.25",0,"quantile"
"yk",3,2025-04-26,2025-05-17,"pct wk flu lab det","0.5",0,"quantile"
"yk",3,2025-04-26,2025-05-17,"pct wk flu lab det","0.75",6.67853078530785,"quantile"
"yk",3,2025-04-26,2025-05-17,"pct wk flu lab det","0.9",16.1784898648987,"quantile"
"yk",3,2025-04-26,2025-05-17,"pct wk flu lab det","0.975",39.4233370758708,"quantile"
